3 0.1362361111111111 0.468375 0.21436111111111109 0.38452083333333337
1 0.7890694444444445 0.2750208333333333 0.23230555555555554 0.26495833333333335
3 0.2736805555555556 0.9096666666666666 0.23156944444444447 0.17331250000000012
3 0.044194444444444446 0.4918125 0.029041666666666664 0.1797083333333333
3 0.6591805555555555 0.2660625 0.03594444444444444 0.13229166666666664
3 0.7050833333333334 0.14785416666666668 0.024791666666666698 0.037687500000000006
1 0.3144583333333334 0.3566875 0.21337500000000004 0.1745
1 0.5566388888888889 0.36493749999999997 0.15612499999999996 0.11152083333333339
3 0.15441666666666667 0.2534166666666667 0.052708333333333315 0.08797916666666665
1 0.4394583333333334 0.29570833333333335 0.025333333333333347 0.1614166666666667
3 0.9952222222222221 0.2814375 0.009555555555555708 0.11252083333333332
3 0.01652777777777778 0.5233125 0.03234722222222222 0.09787500000000003
1 0.7334027777777777 0.6870208333333333 0.5288055555555555 0.6211041666666667
2 0.3784166666666666 0.4207708333333333 0.010569444444444463 0.035000000000000024
1 0.7915 0.42772916666666666 0.11498611111111107 0.14100000000000001
2 0.36083333333333334 0.42114583333333333 0.01129166666666666 0.03649999999999996