3 0.7027777777777777 0.8541666666666666 0.28888888888888886 0.2625
3 0.3076388888888889 0.9177083333333333 0.4486111111111111 0.16458333333333333
1 0.8729166666666667 0.7739583333333333 0.1625 0.15208333333333332
1 0.96875 0.6875 0.0625 0.25416666666666665
1 0.11388888888888889 0.8072916666666666 0.20555555555555555 0.3854166666666667
3 0.30972222222222223 0.8479166666666667 0.13194444444444445 0.19583333333333333
3 0.9041666666666667 0.859375 0.11527777777777778 0.09375
3 0.7729166666666667 0.875 0.059722222222222225 0.11875
3 0.4527777777777778 0.7427083333333333 0.3458333333333333 0.41041666666666665
1 0.8069444444444445 0.41770833333333335 0.14305555555555555 0.10625
3 0.39861111111111114 0.5510416666666667 0.1361111111111111 0.09166666666666666
3 0.18888888888888888 0.621875 0.06805555555555555 0.075
3 0.8111111111111111 0.8708333333333333 0.04722222222222222 0.10208333333333333
3 0.6256944444444444 0.4822916666666667 0.05555555555555555 0.06666666666666667