1 0.19494444444444448 0.6787083333333332 0.38988888888888895 0.6425833333333334
3 0.7495138888888888 0.8796458333333333 0.43652777777777774 0.22760416666666666
1 0.030375000000000003 0.48522916666666666 0.060750000000000005 0.22852083333333334
1 0.3620555555555556 0.5866666666666667 0.058902777777777734 0.0364166666666667
1 0.2099583333333333 0.5983958333333333 0.31030555555555556 0.04833333333333343
1 0.9277361111111111 0.594 0.14172222222222217 0.08372916666666678
3 0.3215277777777778 0.5654375 0.029486111111111137 0.04381249999999994
3 0.8056666666666668 0.7225416666666666 0.21472222222222218 0.13833333333333328
3 0.48730555555555555 0.7800208333333334 0.21630555555555556 0.4240625000000001
3 0.6015694444444445 0.5636041666666666 0.03229166666666667 0.040604166666666684
3 0.24279166666666668 0.5672708333333334 0.05469444444444444 0.0459374999999999