1 0.79375 0.5791666666666667 0.4125 0.75
3 0.30833333333333335 0.884375 0.4583333333333333 0.23125
1 0.9555555555555556 0.33958333333333335 0.08888888888888889 0.24166666666666667
1 0.6472222222222223 0.5416666666666666 0.0625 0.05416666666666667
1 0.7972222222222223 0.50625 0.30972222222222223 0.14375
1 0.09444444444444444 0.725 0.15 0.12708333333333333
3 0.6833333333333333 0.5083333333333333 0.034722222222222224 0.052083333333333336
3 0.23194444444444445 0.8125 0.22916666666666666 0.20208333333333334
3 0.5506944444444445 0.7645833333333333 0.2708333333333333 0.4708333333333333
3 0.4097222222222222 0.59375 0.0375 0.05
3 0.7611111111111111 0.48541666666666666 0.059722222222222225 0.0625