3 0.6186527777777778 0.9331041666666666 0.16320833333333332 0.13320833333333346
3 0.40502777777777776 0.9517916666666667 0.12988888888888886 0.09641666666666661
1 0.8409722222222222 0.9166666666666666 0.2125 0.16666666666666666
3 0.135375 0.828375 0.255375 0.32958333333333345
1 0.06652777777777777 0.6075416666666666 0.13305555555555554 0.12743749999999993
1 0.9755833333333332 0.870125 0.046291666666666564 0.22960416666666675
3 0.4587361111111111 0.656625 0.08343055555555562 0.08097916666666667
3 0.19897222222222222 0.5350416666666666 0.16394444444444448 0.07997916666666664
3 0.7085 0.8671875 0.04601388888888896 0.13733333333333325
1 0.8584027777777777 0.5306458333333334 0.1566111111111111 0.07035416666666669
3 0.6557638888888888 0.5533541666666667 0.11376388888888893 0.07183333333333337
3 0.427 0.5236875 0.11126388888888891 0.05058333333333328
3 0.34765277777777776 0.6031458333333333 0.17052777777777775 0.1060208333333333
3 0.17406944444444444 0.63025 0.1149861111111111 0.10547916666666665