3 0.6527777777777778 0.8989583333333333 0.11805555555555555 0.15833333333333333
3 0.8215277777777777 0.8291666666666667 0.25972222222222224 0.23333333333333334
3 0.3076388888888889 0.8385416666666666 0.5125 0.3229166666666667
3 0.5076388888888889 0.9572916666666667 0.10972222222222222 0.08541666666666667
3 0.25069444444444444 0.6052083333333333 0.1 0.12291666666666666
1 0.81875 0.38645833333333335 0.14444444444444443 0.10208333333333333
3 0.8416666666666667 0.628125 0.25277777777777777 0.28125
3 0.46041666666666664 0.49895833333333334 0.044444444444444446 0.04791666666666667
3 0.6486111111111111 0.47708333333333336 0.15694444444444444 0.11875
3 0.4666666666666667 0.6041666666666666 0.24444444444444444 0.17291666666666666
1 0.12430555555555556 0.775 0.23055555555555557 0.38333333333333336