3 0.59375 0.8770833333333333 0.7013888888888888 0.24583333333333332
3 0.19305555555555556 0.8291666666666667 0.1 0.18541666666666667
1 0.8548611111111111 0.7979166666666667 0.2652777777777778 0.4041666666666667
3 0.03819444444444445 0.75625 0.0763888888888889 0.22083333333333333
3 0.4909722222222222 0.746875 0.14722222222222223 0.2
3 0.5347222222222222 0.9416666666666667 0.10833333333333334 0.11666666666666667
3 0.3 0.8885416666666667 0.12777777777777777 0.14791666666666667
3 0.2222222222222222 0.6135416666666667 0.4444444444444444 0.47291666666666665
1 0.18888888888888888 0.39791666666666664 0.1361111111111111 0.10416666666666667
3 0.7034722222222223 0.9677083333333333 0.10694444444444444 0.06458333333333334
3 0.5361111111111111 0.609375 0.3625 0.275
3 0.7152777777777778 0.59375 0.07777777777777778 0.10625
3 0.33055555555555555 0.478125 0.15416666666666667 0.125
3 0.5180555555555556 0.5010416666666667 0.04722222222222222 0.05