3 0.7519583333333333 0.8964166666666666 0.35106944444444443 0.20714583333333347
3 0.32275 0.9277708333333333 0.44018055555555563 0.14443750000000008
1 0.1125 0.75 0.225 0.45416666666666666
3 0.5620138888888888 0.65075 0.1052222222222222 0.12835416666666669
3 0.3093194444444445 0.8115208333333332 0.13318055555555558 0.1694583333333334
3 0.8525416666666668 0.8327708333333333 0.05822222222222232 0.08962499999999997
3 0.5981388888888889 0.9373958333333333 0.04620833333333331 0.1252083333333334
3 0.7426805555555556 0.6221875 0.4897499999999999 0.32793749999999994
1 0.18518055555555557 0.6229166666666667 0.08019444444444446 0.10243749999999992
3 0.8012638888888889 0.8356875 0.0625555555555555 0.0870208333333333
3 0.24975 0.5251458333333333 0.17273611111111112 0.08687500000000004
3 0.5063472222222222 0.473875 0.043694444444444494 0.036062500000000004
3 0.6875 0.45666666666666667 0.026000000000000037 0.03768749999999995
3 0.45416666666666666 0.95 0.05 0.1
1 0.932125 0.8225 0.13134722222222214 0.08720833333333336
3 0.19336111111111112 0.9654375000000001 0.06051388888888888 0.0691249999999999
3 0.6923888888888888 0.4888958333333333 0.13916666666666672 0.08579166666666668
3 0.12777777777777777 0.9697916666666667 0.044444444444444446 0.06041666666666667
1 0.8793888888888889 0.42845833333333333 0.14954166666666677 0.07022916666666662
3 0.8090277777777778 0.9354166666666667 0.05694444444444444 0.12916666666666668
3 0.9848611111111112 0.9667916666666667 0.027902777777777665 0.06185416666666678