3 0.7520833333333333 0.8645833333333334 0.22916666666666666 0.2708333333333333
3 0.5680555555555555 0.85625 0.09722222222222222 0.225
3 0.2965277777777778 0.85625 0.44583333333333336 0.2833333333333333
1 0.08680555555555555 0.478125 0.1736111111111111 0.3020833333333333
3 0.9201388888888888 0.95625 0.12638888888888888 0.0875
1 0.9201388888888888 0.7854166666666667 0.15 0.25833333333333336
3 0.06875 0.8635416666666667 0.12222222222222222 0.21666666666666667
3 0.2652777777777778 0.659375 0.13194444444444445 0.175
3 0.7576388888888889 0.7895833333333333 0.0625 0.10208333333333333
3 0.6611111111111111 0.5989583333333334 0.65 0.43333333333333335
1 0.8284722222222223 0.40208333333333335 0.14027777777777778 0.07708333333333334