3 0.838375 0.8671875 0.3020000000000001 0.2570833333333333
3 0.5200138888888889 0.8935625 0.30956944444444445 0.2109375
1 0.10409722222222223 0.6848124999999999 0.20819444444444446 0.40172916666666675
3 0.14477777777777778 0.9140625 0.2807638888888889 0.1682708333333333
3 0.3061527777777778 0.9199166666666667 0.11181944444444443 0.15618750000000006
3 0.9057638888888888 0.7800208333333334 0.05941666666666663 0.08327083333333339
3 0.26537499999999997 0.51525 0.13733333333333334 0.1348541666666667
3 0.838375 0.6144999999999999 0.2983333333333333 0.30743750000000003
3 0.5380833333333334 0.8598541666666667 0.029986111111111154 0.11095833333333331
3 0.7231388888888889 0.9126041666666667 0.04137499999999995 0.17129166666666673
1 0.8422916666666668 0.42554166666666665 0.14172222222222217 0.06395833333333331
3 0.5014583333333333 0.599125 0.30419444444444443 0.23308333333333334
3 0.84375 0.7452291666666666 0.03137499999999989 0.115625
3 0.8549861111111111 0.9140625 0.035222222222222085 0.11645833333333329
3 0.9648472222222223 0.7880833333333332 0.06708333333333327 0.09366666666666675
3 0.6806666666666666 0.4716875 0.14977777777777782 0.07085416666666665