3 0.7612361111111111 0.859125 0.2226527777777777 0.27575000000000005
3 0.5761666666666666 0.8525416666666668 0.09204166666666665 0.21991666666666657
3 0.30469444444444443 0.8671875 0.44018055555555563 0.2599999999999999
1 0.084875 0.499875 0.16973611111111112 0.2924166666666667
3 0.9316388888888889 0.9467083333333334 0.12420833333333342 0.10658333333333327
1 0.9262638888888889 0.7631875 0.1446527777777779 0.2515833333333333
3 0.07738888888888888 0.8855000000000001 0.117375 0.2113124999999999
3 0.26929166666666665 0.6712708333333333 0.1285416666666667 0.16772916666666665
3 0.7641666666666668 0.775625 0.06084722222222215 0.09822916666666662
3 0.6635694444444444 0.5903333333333334 0.6411111111111111 0.39954166666666663
1 0.8256805555555555 0.38525 0.13818055555555556 0.07085416666666665