3 0.4576388888888889 0.8989583333333333 0.37916666666666665 0.20208333333333334
1 0.7583333333333333 0.965625 0.2222222222222222 0.06875
3 0.13194444444444445 0.6875 0.2638888888888889 0.425
1 0.90625 0.94375 0.0875 0.1125
1 0.06458333333333334 0.4583333333333333 0.12916666666666668 0.14583333333333334
3 0.3590277777777778 0.9208333333333333 0.06388888888888888 0.09583333333333334
3 0.14930555555555555 0.41041666666666665 0.28888888888888886 0.18541666666666667
3 0.6409722222222223 0.9208333333333333 0.08194444444444444 0.15833333333333333
3 0.45902777777777776 0.5 0.06111111111111111 0.07083333333333333
1 0.8930555555555556 0.6625 0.0763888888888889 0.08958333333333333
3 0.5548611111111111 0.5604166666666667 0.3375 0.21041666666666667
1 0.8409722222222222 0.6427083333333333 0.075 0.08333333333333333
3 0.6125 0.9895833333333334 0.08055555555555556 0.020833333333333332
3 0.16597222222222222 0.8479166666666667 0.044444444444444446 0.10208333333333333