3 0.36180555555555555 0.9197916666666667 0.16944444444444445 0.15
3 0.5729166666666666 0.9520833333333333 0.13472222222222222 0.09583333333333334
1 0.14027777777777778 0.8802083333333334 0.21944444444444444 0.1875
3 0.8486111111111111 0.84375 0.26944444444444443 0.3125
1 0.9270833333333334 0.653125 0.1388888888888889 0.14166666666666666
1 0.018055555555555554 0.81875 0.03611111111111111 0.23333333333333334
3 0.5340277777777778 0.6604166666666667 0.0875 0.08958333333333333
3 0.7986111111111112 0.5666666666666667 0.16666666666666666 0.09791666666666667
3 0.275 0.8447916666666667 0.05277777777777778 0.14166666666666666
1 0.14097222222222222 0.49270833333333336 0.1597222222222222 0.0875
3 0.3423611111111111 0.5364583333333334 0.11666666666666667 0.08333333333333333
3 0.5715277777777777 0.53125 0.11388888888888889 0.0625
3 0.6472222222222223 0.61875 0.175 0.12291666666666666
3 0.81875 0.6635416666666667 0.11944444444444445 0.11666666666666667