3 0.8854166666666666 0.4875 0.21666666666666667 0.41875
1 0.24583333333333332 0.23541666666666666 0.24305555555555555 0.28958333333333336
3 0.7111111111111111 0.8989583333333333 0.28888888888888886 0.20208333333333334
1 0.3875 0.246875 0.016666666666666666 0.10416666666666667
3 0.8791666666666667 0.26666666666666666 0.05555555555555555 0.08958333333333333
1 0.47291666666666665 0.340625 0.16111111111111112 0.12291666666666666
3 0.85 0.590625 0.034722222222222224 0.19583333333333333
1 0.7152777777777778 0.35833333333333334 0.22916666666666666 0.2
1 0.5930555555555556 0.2864583333333333 0.030555555555555555 0.1625
3 0.9013888888888889 0.2864583333333333 0.015277777777777777 0.04583333333333333
1 0.325 0.20625 0.03194444444444444 0.21458333333333332
3 0.32222222222222224 0.125 0.009722222222222222 0.05416666666666667
3 0.9791666666666666 0.515625 0.041666666666666664 0.18125
3 0.25625 0.13541666666666666 0.041666666666666664 0.029166666666666667
3 0.6819444444444445 0.55625 0.0625 0.06666666666666667
1 0.28055555555555556 0.65625 0.5611111111111111 0.6833333333333333
2 0.6458333333333334 0.415625 0.0125 0.03958333333333333
3 0.5652777777777778 0.371875 0.03888888888888889 0.075
1 0.24166666666666667 0.38333333333333336 0.11805555555555555 0.14791666666666667