3 0.21805555555555556 0.9666666666666667 0.17777777777777778 0.06666666666666667
3 0.7409722222222223 0.8072916666666666 0.5180555555555556 0.3854166666666667
3 0.4409722222222222 0.9677083333333333 0.10416666666666667 0.06458333333333334
1 0.9319444444444445 0.59375 0.1361111111111111 0.26666666666666666
3 0.8326388888888889 0.5020833333333333 0.1875 0.12083333333333333
3 0.36944444444444446 0.8927083333333333 0.16666666666666666 0.21458333333333332
3 0.5583333333333333 0.5083333333333333 0.04722222222222222 0.04583333333333333
3 0.09652777777777778 0.9635416666666666 0.12083333333333333 0.07291666666666667
3 0.19791666666666666 0.709375 0.37083333333333335 0.29791666666666666
3 0.4395833333333333 0.55625 0.28888888888888886 0.1375
3 0.26805555555555555 0.9135416666666667 0.025 0.13333333333333333
1 0.19722222222222222 0.5572916666666666 0.14444444444444443 0.08541666666666667
3 0.6354166666666666 0.503125 0.125 0.07708333333333334