1 0.7541666666666667 0.6677083333333333 0.49166666666666664 0.6645833333333333
3 0.18680555555555556 0.7895833333333333 0.3736111111111111 0.35833333333333334
3 0.8736111111111111 0.9875 0.15833333333333333 0.025
3 0.6597222222222222 0.9822916666666667 0.07222222222222222 0.035416666666666666
3 0.6548611111111111 0.565625 0.11666666666666667 0.075
3 0.44375 0.8635416666666667 0.1875 0.27291666666666664
1 0.09444444444444444 0.46979166666666666 0.17083333333333334 0.1125
3 0.41180555555555554 0.5104166666666666 0.034722222222222224 0.04375
3 0.7673611111111112 0.5864583333333333 0.05694444444444444 0.05625
3 0.041666666666666664 0.853125 0.0625 0.11666666666666667
3 0.4840277777777778 0.5427083333333333 0.0375 0.05416666666666667