3 0.8208333333333333 0.46145833333333336 0.2263888888888889 0.4479166666666667
1 0.18125 0.26458333333333334 0.25833333333333336 0.325
3 0.6180555555555556 0.7177083333333333 0.32083333333333336 0.5645833333333333
3 0.5986111111111111 0.940625 0.07083333333333333 0.09791666666666667
3 0.32569444444444445 0.259375 0.03888888888888889 0.14375
1 0.5361111111111111 0.27291666666666664 0.05 0.17291666666666666
1 0.4201388888888889 0.328125 0.1736111111111111 0.17708333333333334
3 0.5138888888888888 0.9635416666666666 0.05277777777777778 0.07291666666666667
1 0.2375 0.6708333333333333 0.475 0.6583333333333333
1 0.6472222222222223 0.34375 0.21805555555555556 0.22083333333333333
3 0.2625 0.23020833333333332 0.029166666666666667 0.24166666666666667
2 0.5965277777777778 0.4083333333333333 0.015277777777777777 0.03958333333333333
3 0.5097222222222222 0.37604166666666666 0.04722222222222222 0.08333333333333333
3 0.25625 0.13020833333333334 0.008333333333333333 0.041666666666666664
3 0.2152777777777778 0.34791666666666665 0.059722222222222225 0.175
3 0.8256944444444444 0.22916666666666666 0.041666666666666664 0.125
3 0.005555555555555556 0.31145833333333334 0.011111111111111112 0.08958333333333333
2 0.6145833333333334 0.4114583333333333 0.018055555555555554 0.03958333333333333
2 0.6354166666666666 0.41875 0.013888888888888888 0.03125
1 0.1875 0.15520833333333334 0.04861111111111111 0.03958333333333333
1 0.12430555555555556 0.4395833333333333 0.1597222222222222 0.1625
2 0.7256944444444444 0.41458333333333336 0.018055555555555554 0.04375
2 0.6493055555555556 0.4166666666666667 0.015277777777777777 0.03333333333333333
2 0.6791666666666667 0.41354166666666664 0.019444444444444445 0.04375
2 0.575 0.39791666666666664 0.015277777777777777 0.035416666666666666
3 0.8034722222222223 0.6125 0.044444444444444446 0.13541666666666666