3 0.4169861111111111 0.3320416666666667 0.07133333333333335 0.22752083333333328
3 0.5329861111111112 0.356875 0.0836527777777778 0.34539583333333324
3 0.6115833333333333 0.42362500000000003 0.0893333333333334 0.3311666666666666
3 0.6859166666666667 0.5088333333333334 0.08648611111111108 0.3652291666666666
3 0.7367361111111111 0.5862291666666667 0.05681944444444448 0.3950208333333334
3 0.7867777777777778 0.6896875 0.0836527777777778 0.29887500000000006
3 0.8620555555555555 0.8231875 0.09784722222222228 0.315875
3 0.15198611111111113 0.36185416666666664 0.14488888888888887 0.28716666666666674
3 0.3068194444444444 0.4378333333333334 0.20454166666666673 0.2913958333333334
3 0.3535416666666667 0.7852708333333334 0.6944444444444444 0.42945833333333333
1 0.8566944444444445 0.5561458333333333 0.286611111111111 0.7704375000000001
1 0.09927777777777777 0.13660416666666667 0.19349999999999998 0.27320833333333333