3 0.8791666666666667 0.45416666666666666 0.2222222222222222 0.4395833333333333
1 0.21597222222222223 0.2833333333333333 0.24027777777777778 0.3020833333333333
3 0.7263888888888889 0.6989583333333333 0.2833333333333333 0.5604166666666667
1 0.6972222222222222 0.34791666666666665 0.2361111111111111 0.20416666666666666
3 0.3611111111111111 0.278125 0.013888888888888888 0.11458333333333333
1 0.5673611111111111 0.28020833333333334 0.03611111111111111 0.15
3 0.8486111111111111 0.5645833333333333 0.04861111111111111 0.2125
3 0.01875 0.34375 0.0375 0.15833333333333333
3 0.8951388888888889 0.5552083333333333 0.044444444444444446 0.1125
1 0.44722222222222224 0.3614583333333333 0.16527777777777777 0.125
3 0.8534722222222222 0.23229166666666667 0.05694444444444444 0.10208333333333333
3 0.2881944444444444 0.153125 0.006944444444444444 0.03958333333333333
3 0.3326388888888889 0.23958333333333334 0.029166666666666667 0.19166666666666668
2 0.7256944444444444 0.41354166666666664 0.07083333333333333 0.05416666666666667
2 0.6298611111111111 0.4125 0.0125 0.03958333333333333
3 0.9743055555555555 0.47291666666666665 0.043055555555555555 0.16666666666666666
3 0.5423611111111111 0.38125 0.05 0.08333333333333333
2 0.99375 0.5135416666666667 0.0125 0.08541666666666667
1 0.2791666666666667 0.6802083333333333 0.5583333333333333 0.6395833333333333
2 0.6479166666666667 0.41354166666666664 0.015277777777777777 0.03958333333333333
2 0.7861111111111111 0.4197916666666667 0.018055555555555554 0.03958333333333333
1 0.20902777777777778 0.4427083333333333 0.12638888888888888 0.15