3 0.7513888888888889 0.7447916666666666 0.49722222222222223 0.49375
3 0.49166666666666664 0.9666666666666667 0.10833333333333334 0.06666666666666667
1 0.9284722222222223 0.4895833333333333 0.14305555555555555 0.2916666666666667
3 0.8291666666666667 0.4239583333333333 0.19166666666666668 0.16041666666666668
3 0.4125 0.8979166666666667 0.18333333333333332 0.20416666666666666
3 0.5583333333333333 0.4947916666666667 0.05 0.05625
3 0.22361111111111112 0.778125 0.38472222222222224 0.3729166666666667
3 0.4465277777777778 0.5697916666666667 0.2902777777777778 0.2
3 0.3138888888888889 0.9479166666666666 0.03888888888888889 0.10416666666666667
1 0.20694444444444443 0.6270833333333333 0.14722222222222223 0.11666666666666667
3 0.6347222222222222 0.4708333333333333 0.12777777777777777 0.10208333333333333