3 0.11388888888888889 0.7916666666666666 0.19444444444444445 0.275
3 0.8152777777777778 0.9072916666666667 0.26666666666666666 0.18541666666666667
1 0.06180555555555556 0.5833333333333334 0.12361111111111112 0.14583333333333334
3 0.41388888888888886 0.7666666666666667 0.21805555555555556 0.25625
1 0.9340277777777778 0.9572916666666667 0.0625 0.08541666666666667
3 0.030555555555555555 0.8291666666666667 0.06111111111111111 0.15833333333333333
3 0.7388888888888889 0.6375 0.09305555555555556 0.09166666666666666
3 0.44930555555555557 0.55 0.06805555555555555 0.06666666666666667
3 0.6736111111111112 0.95625 0.09166666666666666 0.0875
3 0.18888888888888888 0.5145833333333333 0.18888888888888888 0.12708333333333333
3 0.65 0.625 0.125 0.10833333333333334
1 0.8541666666666666 0.6375 0.1625 0.10833333333333334