3 0.45694444444444443 0.9395833333333333 0.09166666666666666 0.12083333333333333
3 0.6791666666666667 0.9083333333333333 0.1388888888888889 0.13125
1 0.24375 0.9614583333333333 0.20694444444444443 0.07708333333333334
3 0.9513888888888888 0.7354166666666667 0.09722222222222222 0.275
1 0.09236111111111112 0.9270833333333334 0.10416666666666667 0.14583333333333334
3 0.6604166666666667 0.64375 0.32916666666666666 0.3229166666666667
1 0.9451388888888889 0.48125 0.10972222222222222 0.1125
3 0.5652777777777778 0.49583333333333335 0.07361111111111111 0.075
3 0.8409722222222222 0.4239583333333333 0.08333333333333333 0.08958333333333333
3 0.36875 0.5864583333333333 0.10277777777777777 0.1
3 0.76875 0.45 0.07777777777777778 0.09166666666666666
3 0.3902777777777778 0.978125 0.08611111111111111 0.04375
1 0.1625 0.6260416666666667 0.14722222222222223 0.11041666666666666
3 0.35347222222222224 0.921875 0.08472222222222223 0.15625
3 0.55625 0.9364583333333333 0.09861111111111111 0.12708333333333333
3 0.9027777777777778 0.40729166666666666 0.06111111111111111 0.07083333333333333