1 0.2125 0.6875 0.425 0.625
3 0.7743055555555556 0.8385416666666666 0.45 0.29583333333333334
1 0.034722222222222224 0.5583333333333333 0.06944444444444445 0.2375
1 0.36875 0.6083333333333333 0.06111111111111111 0.04583333333333333
1 0.21875 0.64375 0.3125 0.09583333333333334
1 0.9291666666666667 0.5260416666666666 0.14166666666666666 0.10625
3 0.32708333333333334 0.5927083333333333 0.03194444444444444 0.04791666666666667
3 0.8194444444444444 0.6729166666666667 0.22361111111111112 0.17083333333333334
3 0.5069444444444444 0.7760416666666666 0.24444444444444444 0.4479166666666667
3 0.6055555555555555 0.546875 0.034722222222222224 0.04583333333333333
3 0.24861111111111112 0.6072916666666667 0.05694444444444444 0.05416666666666667