3 0.86475 0.8759791666666668 0.2524444444444444 0.2451875000000001
3 0.37061111111111106 0.8781666666666667 0.7412083333333332 0.24079166666666676
1 0.12652777777777777 0.65625 0.25305555555555553 0.3768333333333333
3 0.4013611111111111 0.9082083333333333 0.09400000000000006 0.17422916666666666
3 0.9365277777777777 0.7976041666666667 0.05612500000000011 0.08591666666666668
3 0.46704166666666663 0.7115416666666667 0.10577777777777773 0.1575625
3 0.6354166666666666 0.9583333333333334 0.1597222222222222 0.08333333333333333
3 0.6787083333333334 0.6295208333333334 0.6015694444444445 0.35485416666666675
3 0.9780277777777777 0.8129791666666667 0.043027777777777804 0.10262499999999998
1 0.8691388888888889 0.44275000000000003 0.14562499999999987 0.07022916666666662
3 0.9345694444444445 0.9023541666666667 0.05212499999999996 0.10877083333333341
3 0.9003888888888889 0.8488749999999999 0.047611111111111076 0.0745208333333333
3 0.521 0.4464166666666667 0.0404722222222222 0.03685416666666666
3 0.7089861111111111 0.4819375 0.14612500000000006 0.07922916666666673
3 0.8657222222222223 0.9023541666666667 0.05429166666666655 0.09787500000000003
3 0.7524444444444445 0.9213958333333333 0.029986111111110998 0.13706249999999992
3 0.3090833333333333 0.5013333333333333 0.12127777777777776 0.12716666666666665
3 0.3313055555555555 0.8679166666666667 0.036625000000000005 0.0700833333333333
3 0.5795833333333333 0.86425 0.014791666666666635 0.09631250000000004