3 0.7506944444444444 0.934375 0.1736111111111111 0.13125
1 0.8972222222222223 0.8114583333333333 0.1638888888888889 0.2625
3 0.5604166666666667 0.8166666666666667 0.4236111111111111 0.36666666666666664
3 0.1597222222222222 0.7947916666666667 0.3194444444444444 0.29375
3 0.7923611111111111 0.68125 0.1597222222222222 0.13333333333333333
3 0.2013888888888889 0.615625 0.4027777777777778 0.36041666666666666
3 0.5465277777777777 0.575 0.04861111111111111 0.05416666666666667
3 0.35833333333333334 0.553125 0.1527777777777778 0.13333333333333333
1 0.17777777777777778 0.46770833333333334 0.14444444444444443 0.11041666666666666
3 0.3680555555555556 0.5239583333333333 0.027777777777777776 0.04375
3 0.5222222222222223 0.603125 0.1486111111111111 0.11875
3 0.1986111111111111 0.8854166666666666 0.08333333333333333 0.08125
3 0.27291666666666664 0.5145833333333333 0.044444444444444446 0.05625