3 0.3458333333333333 0.9104166666666667 0.6916666666666667 0.17916666666666667
3 0.7548611111111111 0.9177083333333333 0.07916666666666666 0.16458333333333333
1 0.10972222222222222 0.6927083333333334 0.21944444444444444 0.36875
3 0.942875 0.9030833333333333 0.10723611111111116 0.19152083333333347
3 0.47461111111111115 0.7441458333333333 0.12768055555555563 0.16397916666666673
3 0.4028333333333334 0.9375 0.09301388888888892 0.12268749999999998
3 0.6416666666666667 0.9427083333333334 0.11388888888888889 0.11458333333333333
3 0.771 0.7023958333333333 0.43652777777777774 0.34479166666666666
1 0.8183611111111111 0.4973125 0.13050000000000006 0.06491666666666672
3 0.2303472222222222 0.9367708333333333 0.09234722222222223 0.12360416666666675
3 0.44922222222222224 0.5954583333333333 0.3457083333333333 0.17156250000000003
3 0.276125 0.5244166666666666 0.06793055555555551 0.08591666666666663
3 0.6689444444444445 0.531375 0.14661111111111103 0.08129166666666662
3 0.48218055555555556 0.4954791666666667 0.043208333333333356 0.03697916666666667