1 0.07916666666666666 0.6791666666666667 0.14305555555555555 0.19166666666666668
3 0.15416666666666667 0.91875 0.1638888888888889 0.1625
3 0.4236111111111111 0.8166666666666667 0.30833333333333335 0.36666666666666664
3 0.8861111111111111 0.825 0.22777777777777777 0.25416666666666665
3 0.7722222222222223 0.9427083333333334 0.04861111111111111 0.052083333333333336
3 0.45416666666666666 0.534375 0.05416666666666667 0.052083333333333336
3 0.6381944444444444 0.9395833333333333 0.3402777777777778 0.12083333333333333
3 0.6319444444444444 0.521875 0.1 0.075
3 0.16875 0.590625 0.08055555555555556 0.07708333333333334
3 0.2423611111111111 0.5854166666666667 0.07222222222222222 0.08541666666666667
1 0.8333333333333334 0.49166666666666664 0.16805555555555557 0.08958333333333333