3 0.6733333333333332 0.9513750000000001 0.09997222222222217 0.09724999999999989
3 0.09930555555555555 0.8935625 0.17052777777777775 0.19812500000000005
3 0.7348611111111112 0.8664583333333333 0.49658333333333327 0.2629375000000001
3 0.46508333333333335 0.9702500000000001 0.10266666666666661 0.059499999999999886
3 0.39844444444444443 0.7690416666666666 0.3193333333333333 0.3627291666666667
1 0.06305555555555556 0.6368333333333334 0.12609722222222222 0.10995833333333328
1 0.9726527777777777 0.8518125 0.04995833333333337 0.27850000000000014
3 0.7421944444444445 0.9836458333333333 0.06927777777777785 0.032041666666666656
3 0.15881944444444443 0.5321041666666667 0.06670833333333336 0.062291666666666676
3 0.22948611111111109 0.5386875 0.08123611111111112 0.08468749999999996
3 0.6381805555555555 0.5317291666666667 0.1334166666666666 0.08579166666666668
3 0.46581944444444445 0.5317291666666667 0.12695833333333328 0.07818750000000006
1 0.8156527777777778 0.48804166666666665 0.2702083333333333 0.11147916666666664