3 0.7298611111111111 0.8395833333333333 0.275 0.2708333333333333
3 0.3298611111111111 0.903125 0.4930555555555556 0.19375
3 0.9076388888888889 0.7052083333333333 0.18472222222222223 0.30625
1 0.11527777777777778 0.815625 0.20555555555555555 0.36875
3 0.20972222222222223 0.6385416666666667 0.14722222222222223 0.12291666666666666
3 0.9131944444444444 0.8447916666666667 0.10694444444444444 0.11041666666666666
1 0.7895833333333333 0.43125 0.14027777777777778 0.1
3 0.2590277777777778 0.9739583333333334 0.08472222222222223 0.052083333333333336
3 0.7854166666666667 0.8635416666666667 0.05138888888888889 0.13125
3 0.7861111111111111 0.546875 0.42777777777777776 0.3145833333333333
1 0.9583333333333334 0.671875 0.08333333333333333 0.3020833333333333