3 0.7861388888888888 0.9448333333333333 0.08038888888888904 0.10995833333333328
3 0.5784722222222223 0.9541666666666667 0.0875 0.09166666666666666
3 0.25195833333333334 0.87525 0.40405555555555556 0.2427916666666666
3 0.9028333333333333 0.9023541666666667 0.18188888888888893 0.19024999999999986
3 0.53125 0.713375 0.08727777777777782 0.08720833333333336
1 0.15820833333333334 0.6547916666666667 0.0695138888888889 0.08881249999999999
3 0.6376944444444445 0.562875 0.06499999999999993 0.05260416666666667
3 0.4748472222222222 0.5500416666666667 0.039944444444444435 0.04114583333333333
3 0.2663611111111111 0.5723958333333333 0.07251388888888886 0.07764583333333329
3 0.20044444444444443 0.5701875 0.07305555555555557 0.07731250000000003
1 0.84375 0.5665208333333334 0.13988888888888892 0.06737500000000006
3 0.6503888888888889 0.9558125000000001 0.0861805555555555 0.08097916666666667
3 0.7270555555555556 0.9726666666666667 0.06323611111111108 0.05464583333333337
3 0.16881944444444444 0.9705625 0.04858333333333332 0.05887499999999998
1 0.06944444444444445 0.7247083333333334 0.1388888888888889 0.4105833333333334
1 0.9729166666666667 0.8770833333333333 0.05416666666666667 0.24583333333333332