3 0.1388888888888889 0.721875 0.2777777777777778 0.3645833333333333
3 0.4125 0.8552083333333333 0.33611111111111114 0.28958333333333336
1 0.8506944444444444 0.7989583333333333 0.2708333333333333 0.40208333333333335
3 0.7708333333333334 0.9510416666666667 0.3 0.09791666666666667
3 0.6145833333333334 0.9416666666666667 0.13472222222222222 0.11666666666666667
3 0.059722222222222225 0.6125 0.07222222222222222 0.10416666666666667
3 0.7243055555555555 0.60625 0.15555555555555556 0.18333333333333332
3 0.16180555555555556 0.4791666666666667 0.3236111111111111 0.4125
3 0.4013888888888889 0.8322916666666667 0.04861111111111111 0.11875
3 0.21319444444444444 0.8114583333333333 0.06944444444444445 0.18125
1 0.18194444444444444 0.2947916666666667 0.1486111111111111 0.11666666666666667
3 0.48125 0.5947916666666667 0.3347222222222222 0.34375
3 0.12569444444444444 0.603125 0.05 0.12291666666666666
3 0.08541666666666667 0.7625 0.05416666666666667 0.12708333333333333
3 0.020833333333333332 0.5979166666666667 0.041666666666666664 0.11666666666666667
3 0.33055555555555555 0.40208333333333335 0.15694444444444444 0.12708333333333333