3 0.7631944444444444 0.48854166666666665 0.0875 0.09583333333333334
1 0.17708333333333334 0.5979166666666667 0.14305555555555555 0.09583333333333334
3 0.5430555555555555 0.5104166666666666 0.044444444444444446 0.05
1 0.9236111111111112 0.55 0.1527777777777778 0.25416666666666665
3 0.23541666666666666 0.7895833333333333 0.42916666666666664 0.42083333333333334
3 0.6263888888888889 0.7895833333333333 0.3958333333333333 0.41458333333333336
3 0.5777777777777777 0.615625 0.23194444444444445 0.14583333333333334
3 0.9173611111111111 0.7791666666666667 0.16527777777777777 0.2833333333333333
3 0.7645833333333333 0.6072916666666667 0.13055555555555556 0.11458333333333333
3 0.3611111111111111 0.5875 0.1527777777777778 0.12083333333333333
3 0.8347222222222223 0.4791666666666667 0.09722222222222222 0.10208333333333333
3 0.8923611111111112 0.9114583333333334 0.09305555555555556 0.05625