3 0.8833333333333333 0.4375 0.20277777777777778 0.4041666666666667
1 0.23125 0.26979166666666665 0.23333333333333334 0.27291666666666664
3 0.7347222222222223 0.8875 0.28194444444444444 0.2125
1 0.3729166666666667 0.2625 0.0125 0.10416666666666667
3 0.8645833333333334 0.21770833333333334 0.05277777777777778 0.08541666666666667
1 0.4638888888888889 0.34479166666666666 0.15694444444444444 0.11041666666666666
3 0.8534722222222222 0.54375 0.029166666666666667 0.19375
1 0.70625 0.3302083333333333 0.22361111111111112 0.18333333333333332
1 0.5798611111111112 0.275 0.025 0.16041666666666668
3 0.8875 0.234375 0.0125 0.04583333333333333
1 0.30833333333333335 0.23020833333333332 0.025 0.21458333333333332
3 0.3013888888888889 0.15 0.008333333333333333 0.05416666666666667
3 0.9791666666666666 0.453125 0.034722222222222224 0.17916666666666667
3 0.2361111111111111 0.16875 0.04027777777777778 0.027083333333333334
3 0.6847222222222222 0.5322916666666667 0.059722222222222225 0.0625
1 0.2833333333333333 0.6822916666666666 0.5555555555555556 0.6354166666666666
2 0.6409722222222223 0.396875 0.011111111111111112 0.03958333333333333
3 0.5569444444444445 0.36354166666666665 0.03611111111111111 0.07083333333333333
1 0.2361111111111111 0.41770833333333335 0.11388888888888889 0.13958333333333334