3 0.5847222222222223 0.334375 0.07361111111111111 0.22916666666666666
3 0.46875 0.35625 0.0875 0.34791666666666665
3 0.38958333333333334 0.42083333333333334 0.09305555555555556 0.3333333333333333
3 0.3138888888888889 0.5041666666666667 0.09027777777777778 0.36666666666666664
3 0.2625 0.5802083333333333 0.06111111111111111 0.3958333333333333
3 0.2111111111111111 0.6822916666666666 0.0875 0.3
3 0.13402777777777777 0.8135416666666667 0.10138888888888889 0.31875
3 0.8493055555555555 0.37083333333333335 0.1486111111111111 0.2916666666666667
3 0.69375 0.4427083333333333 0.20833333333333334 0.29583333333333334
3 0.6430555555555556 0.7822916666666667 0.7 0.4354166666666667
1 0.1451388888888889 0.546875 0.2902777777777778 0.7770833333333333
1 0.9027777777777778 0.14583333333333334 0.19444444444444445 0.2791666666666667