3 0.7826388888888889 0.3125 0.2222222222222222 0.4270833333333333
3 0.8993055555555556 0.2677083333333333 0.14027777777777778 0.3020833333333333
3 0.6145833333333334 0.54375 0.28888888888888886 0.475
1 0.16111111111111112 0.23229166666666667 0.25972222222222224 0.31875
1 0.29930555555555555 0.20729166666666668 0.04861111111111111 0.1375
1 0.50625 0.178125 0.041666666666666664 0.14166666666666666
1 0.2569444444444444 0.6385416666666667 0.5138888888888888 0.7229166666666667
1 0.39861111111111114 0.2791666666666667 0.16666666666666666 0.13958333333333334
1 0.9631944444444445 0.190625 0.0375 0.13541666666666666
3 0.22291666666666668 0.09270833333333334 0.009722222222222222 0.035416666666666666
3 0.1125 0.41354166666666664 0.225 0.21875
3 0.7777777777777778 0.10520833333333333 0.07222222222222222 0.11041666666666666
1 0.15902777777777777 0.13125 0.04583333333333333 0.0375
3 0.6569444444444444 0.18854166666666666 0.10972222222222222 0.12291666666666666
1 0.7159722222222222 0.24270833333333333 0.05 0.041666666666666664
1 0.3888888888888889 0.296875 0.019444444444444445 0.07708333333333334
2 0.5715277777777777 0.3072916666666667 0.0125 0.035416666666666666
2 0.5868055555555556 0.30416666666666664 0.08194444444444444 0.06666666666666667
3 0.9819444444444444 0.4322916666666667 0.03611111111111111 0.06875
2 0.6486111111111111 0.3020833333333333 0.016666666666666666 0.03333333333333333