1 0.8277777777777777 0.8260416666666667 0.29444444444444445 0.34791666666666665
3 0.4361111111111111 0.9145833333333333 0.15833333333333333 0.17083333333333334
3 0.19027777777777777 0.7572916666666667 0.38055555555555554 0.3854166666666667
3 0.7423611111111111 0.6822916666666666 0.09166666666666666 0.11041666666666666
1 0.09444444444444444 0.475 0.18055555555555555 0.14166666666666666
1 0.7645833333333333 0.8010416666666667 0.09027777777777778 0.14791666666666667
3 0.26458333333333334 0.5302083333333333 0.06111111111111111 0.07916666666666666
3 0.6715277777777777 0.6635416666666667 0.08472222222222223 0.1125
3 0.45625 0.56875 0.043055555555555555 0.05625
3 0.32916666666666666 0.571875 0.39861111111111114 0.27291666666666664
3 0.3715277777777778 0.56875 0.04583333333333333 0.05416666666666667
3 0.5340277777777778 0.6104166666666667 0.03888888888888889 0.0625