3 0.6326388888888889 0.909375 0.08611111111111111 0.13333333333333333
3 0.41388888888888886 0.9552083333333333 0.1361111111111111 0.08958333333333333
1 0.8493055555555555 0.8729166666666667 0.20277777777777778 0.16666666666666666
3 0.09583333333333334 0.9052083333333333 0.13333333333333333 0.18958333333333333
1 0.9708333333333333 0.7791666666666667 0.058333333333333334 0.275
3 0.3770833333333333 0.7114583333333333 0.32083333333333336 0.29375
1 0.06805555555555555 0.6916666666666667 0.11666666666666667 0.10208333333333333
3 0.43680555555555556 0.5260416666666666 0.07083333333333333 0.06875
3 0.16041666666666668 0.5864583333333333 0.08194444444444444 0.08333333333333333
3 0.6430555555555556 0.521875 0.1 0.09166666666666666
3 0.23402777777777778 0.5760416666666667 0.075 0.08541666666666667
3 0.7069444444444445 0.9291666666666667 0.08333333333333333 0.0875
1 0.8465277777777778 0.4635416666666667 0.14583333333333334 0.09583333333333334
3 0.7263888888888889 0.8322916666666667 0.07916666666666666 0.15208333333333332
3 0.5361111111111111 0.940625 0.09444444444444444 0.11875
3 0.09722222222222222 0.5979166666666667 0.058333333333333334 0.06666666666666667