3 0.7881944444444444 0.915625 0.1597222222222222 0.16875
1 0.9194444444444444 0.7364583333333333 0.1486111111111111 0.24166666666666667
3 0.5895833333333333 0.8260416666666667 0.4041666666666667 0.34791666666666665
3 0.17083333333333334 0.8604166666666667 0.3416666666666667 0.23333333333333334
3 0.8048611111111111 0.6270833333333333 0.15416666666666667 0.10833333333333334
3 0.20416666666666666 0.6708333333333333 0.4083333333333333 0.2916666666666667
3 0.5520833333333334 0.5666666666666667 0.04583333333333333 0.04583333333333333
3 0.3638888888888889 0.578125 0.14722222222222223 0.10833333333333334
1 0.010416666666666666 0.84375 0.020833333333333332 0.18333333333333332
1 0.17777777777777778 0.5270833333333333 0.14027777777777778 0.0875
3 0.37083333333333335 0.5479166666666667 0.025 0.041666666666666664
3 0.5305555555555556 0.5979166666666667 0.14583333333333334 0.09583333333333334
3 0.23194444444444445 0.9375 0.08055555555555556 0.06875
3 0.27569444444444446 0.5552083333333333 0.041666666666666664 0.05