3 0.36527777777777776 0.90625 0.2777777777777778 0.1875
3 0.7680555555555556 0.8895833333333333 0.44166666666666665 0.2125
1 0.18680555555555556 0.909375 0.15555555555555556 0.12708333333333333
1 0.05694444444444444 0.8729166666666667 0.09305555555555556 0.24375
1 0.9173611111111111 0.6489583333333333 0.16527777777777777 0.36041666666666666
3 0.74375 0.7614583333333333 0.11944444444444445 0.17916666666666667
3 0.17152777777777778 0.9833333333333333 0.1125 0.03333333333333333
3 0.30069444444444443 0.9552083333333333 0.05138888888888889 0.08958333333333333
3 0.5875 0.7166666666666667 0.325 0.36041666666666666
3 0.8645833333333334 0.9104166666666667 0.06944444444444445 0.1125
1 0.18888888888888888 0.5395833333333333 0.1388888888888889 0.08333333333333333
3 0.6069444444444444 0.509375 0.13333333333333333 0.06875
3 0.8215277777777777 0.496875 0.06388888888888888 0.06458333333333334
3 0.26319444444444445 0.9645833333333333 0.04027777777777778 0.07083333333333333
3 0.37569444444444444 0.53125 0.05138888888888889 0.06041666666666667