1 0.8909722222222223 0.7958333333333333 0.2111111111111111 0.38125
3 0.10347222222222222 0.940625 0.08333333333333333 0.1
3 0.3729166666666667 0.7677083333333333 0.7361111111111112 0.4583333333333333
3 0.6659722222222222 0.8791666666666667 0.12777777777777777 0.23125
1 0.8229166666666666 0.7020833333333333 0.07777777777777778 0.09583333333333334
3 0.17569444444444443 0.9427083333333334 0.09444444444444444 0.1
3 0.7715277777777778 0.6125 0.2013888888888889 0.1
3 0.4263888888888889 0.71875 0.10694444444444444 0.09583333333333334
3 0.5041666666666667 0.5625 0.04722222222222222 0.041666666666666664
1 0.12916666666666668 0.5270833333333333 0.1486111111111111 0.06875
3 0.34305555555555556 0.9635416666666666 0.059722222222222225 0.06666666666666667