3 0.8583333333333333 0.6010416666666667 0.26944444444444443 0.45
1 0.25555555555555554 0.17708333333333334 0.26805555555555555 0.3416666666666667
3 0.6527777777777778 0.9260416666666667 0.25277777777777777 0.14791666666666667
3 0.94375 0.6572916666666667 0.05694444444444444 0.18541666666666667
3 0.38333333333333336 0.215625 0.05555555555555555 0.14166666666666666
3 0.3576388888888889 0.084375 0.030555555555555555 0.04583333333333333
1 0.7034722222222223 0.428125 0.23472222222222222 0.24583333333333332
1 0.4666666666666667 0.34791666666666665 0.16944444444444445 0.16458333333333333
3 0.875 0.38645833333333335 0.06527777777777778 0.10416666666666667
1 0.5916666666666667 0.32395833333333335 0.05 0.16666666666666666
3 0.05486111111111111 0.10833333333333334 0.027777777777777776 0.1125
3 0.9652777777777778 0.6979166666666666 0.04722222222222222 0.10625
1 0.275 0.596875 0.55 0.79375
2 0.6305555555555555 0.46770833333333334 0.015277777777777777 0.0375
1 0.22847222222222222 0.32395833333333335 0.13472222222222222 0.17916666666666667
2 0.6479166666666667 0.4739583333333333 0.016666666666666666 0.03958333333333333