3 0.4798611111111111 0.8458333333333333 0.8291666666666667 0.30833333333333335
3 0.9027777777777778 0.8833333333333333 0.19444444444444445 0.17083333333333334
1 0.09861111111111111 0.7802083333333333 0.18888888888888888 0.36875
3 0.7458333333333333 0.934375 0.10138888888888889 0.09166666666666666
3 0.3347222222222222 0.8364583333333333 0.10555555555555556 0.14583333333333334
3 0.31527777777777777 0.9510416666666667 0.12777777777777777 0.09791666666666667
3 0.5993055555555555 0.9552083333333333 0.09583333333333334 0.07916666666666666
1 0.8506944444444444 0.61875 0.15 0.09583333333333334
3 0.25069444444444444 0.634375 0.14722222222222223 0.1
1 0.18819444444444444 0.709375 0.06111111111111111 0.0875
3 0.6715277777777777 0.6364583333333333 0.12083333333333333 0.10625
3 0.48680555555555555 0.60625 0.04583333333333333 0.04583333333333333
1 0.9666666666666667 0.86875 0.06666666666666667 0.17083333333333334