3 0.11633333333333334 0.4475 0.198125 0.39881249999999996
1 0.7661111111111112 0.263125 0.23059722222222218 0.2671458333333333
3 0.26952777777777776 0.8935625 0.28002777777777776 0.20562500000000009
1 0.6240277777777778 0.2592708333333334 0.011499999999999962 0.10391666666666668
3 0.13231944444444443 0.22722916666666665 0.05118055555555555 0.0845
1 0.5341805555555555 0.3440625 0.1558888888888889 0.1060208333333333
3 0.14684722222222224 0.5533541666666667 0.02634722222222222 0.19372916666666667
1 0.29175 0.336 0.22106944444444437 0.1766875
1 0.41723611111111114 0.27722916666666664 0.02347222222222219 0.16004166666666667
3 0.1095 0.24481250000000002 0.012666666666666673 0.044874999999999984
1 0.6884722222222222 0.22558333333333333 0.022416666666666647 0.21368749999999997
3 0.6948194444444444 0.14483333333333331 0.007666666666666641 0.053916666666666654
3 0.020569444444444446 0.4658125 0.03301388888888889 0.1790833333333333
3 0.76025 0.16233333333333333 0.039944444444444435 0.025083333333333315
3 0.3159166666666667 0.536875 0.05941666666666671 0.06014583333333334
1 0.71875 0.6800625 0.5483333333333332 0.6265833333333333
2 0.35815277777777776 0.40099999999999997 0.011111111111111112 0.03908333333333332
3 0.44116666666666665 0.3654791666666667 0.03568055555555563 0.07072916666666665
1 0.7631805555555555 0.41052083333333333 0.11163888888888897 0.13614583333333338