3 0.9194444444444444 0.49895833333333334 0.14166666666666666 0.30625
3 0.7916666666666666 0.5052083333333334 0.22916666666666666 0.44583333333333336
1 0.19375 0.171875 0.2652777777777778 0.325
3 0.5611111111111111 0.7072916666666667 0.3277777777777778 0.5854166666666667
1 0.22152777777777777 0.6114583333333333 0.44305555555555554 0.7395833333333334
3 0.33819444444444446 0.19479166666666667 0.05555555555555555 0.14791666666666667
1 0.5430555555555555 0.2635416666666667 0.044444444444444446 0.16666666666666666
1 0.425 0.27291666666666664 0.17916666666666667 0.21875
1 0.6388888888888888 0.35104166666666664 0.2013888888888889 0.2125
1 0.9930555555555556 0.45729166666666665 0.013888888888888888 0.10208333333333333
3 0.5048611111111111 0.3489583333333333 0.04583333333333333 0.075
2 0.59375 0.40520833333333334 0.03333333333333333 0.04583333333333333
1 0.21041666666666667 0.06666666666666667 0.04861111111111111 0.035416666666666666
3 0.83125 0.28854166666666664 0.019444444444444445 0.08125
3 0.7840277777777778 0.61875 0.05 0.09791666666666667
2 0.7138888888888889 0.4395833333333333 0.03194444444444444 0.04791666666666667
3 0.3659722222222222 0.7989583333333333 0.15694444444444444 0.20833333333333334
3 0.2798611111111111 0.057291666666666664 0.008333333333333333 0.03958333333333333
1 0.12222222222222222 0.32083333333333336 0.1597222222222222 0.16041666666666668
2 0.6666666666666666 0.425 0.016666666666666666 0.0375
2 0.5631944444444444 0.390625 0.034722222222222224 0.03958333333333333
2 0.4527777777777778 0.740625 0.041666666666666664 0.06875