3 0.6542916666666666 0.9052708333333332 0.26952777777777787 0.1886041666666666
3 0.2509722222222222 0.9167708333333333 0.4355416666666667 0.1664583333333333
1 0.8315416666666667 0.87525 0.15125000000000013 0.11095833333333331
1 0.9590277777777778 0.8260416666666667 0.08194444444444444 0.23541666666666666
1 0.08263888888888889 0.6927083333333334 0.16527777777777777 0.34375
3 0.2690416666666667 0.786625 0.11243055555555553 0.16689583333333335
3 0.8506944444444444 0.96875 0.10972222222222222 0.0625
3 0.7202083333333332 0.9462291666666667 0.046472222222222276 0.10754166666666667
3 0.4228472222222222 0.7251041666666667 0.3103055555555555 0.32793749999999994
3 0.15563888888888888 0.9474583333333333 0.06426388888888888 0.10506249999999989
1 0.8120138888888888 0.5068333333333334 0.13634722222222231 0.06893749999999994
3 0.3938055555555556 0.52075 0.13122222222222224 0.0543333333333333
3 0.17895833333333333 0.5306458333333334 0.06176388888888887 0.058604166666666714
3 0.7583055555555556 0.953 0.03644444444444446 0.09400000000000001
3 0.6254861111111112 0.5185625 0.04959722222222227 0.0543333333333333