3 0.4173611111111111 0.89375 0.37916666666666665 0.2125
1 0.11458333333333333 0.81875 0.2222222222222222 0.19791666666666666
3 0.8034722222222223 0.8552083333333333 0.31527777777777777 0.28958333333333336
1 0.013194444444444444 0.7114583333333333 0.02638888888888889 0.2604166666666667
1 0.9118055555555555 0.7416666666666667 0.14027777777777778 0.14166666666666666
3 0.5090277777777777 0.9614583333333333 0.0625 0.07708333333333334
3 0.8430555555555556 0.640625 0.28888888888888886 0.17916666666666667
3 0.2534722222222222 0.79375 0.08055555555555556 0.16041666666666668
3 0.5368055555555555 0.5260416666666666 0.06111111111111111 0.06875
1 0.09791666666666667 0.39791666666666664 0.075 0.08958333333333333
3 0.43333333333333335 0.5197916666666667 0.3375 0.20208333333333334
1 0.15069444444444444 0.41354166666666664 0.07361111111111111 0.08333333333333333
3 0.25069444444444444 0.9010416666666666 0.08055555555555556 0.08125
3 0.7048611111111112 0.9875 0.043055555555555555 0.025