3 0.375 0.9635416666666666 0.10833333333333334 0.07291666666666667
3 0.9208333333333333 0.7947916666666667 0.15833333333333333 0.23541666666666666
3 0.30625 0.8635416666666667 0.5180555555555556 0.27291666666666664
3 0.5833333333333334 0.95625 0.10694444444444444 0.08333333333333333
3 0.6284722222222222 0.7416666666666667 0.3527777777777778 0.43333333333333335
1 0.9388888888888889 0.53125 0.12222222222222222 0.1375
1 0.06944444444444445 0.9072916666666667 0.07777777777777778 0.18541666666666667
3 0.8402777777777778 0.45208333333333334 0.07222222222222222 0.07708333333333334
3 0.7715277777777778 0.475 0.08888888888888889 0.10208333333333333
3 0.36666666666666664 0.5635416666666667 0.14027777777777778 0.11666666666666667
3 0.5368055555555555 0.5229166666666667 0.13333333333333333 0.10625
1 0.18680555555555556 0.5625 0.2791666666666667 0.17291666666666666