1 0.08680555555555555 0.6822916666666666 0.125 0.10833333333333334
3 0.7180555555555556 0.76875 0.1986111111111111 0.4270833333333333
3 0.23194444444444445 0.8677083333333333 0.13333333333333333 0.26458333333333334
3 0.4284722222222222 0.7875 0.37916666666666665 0.425
3 0.8958333333333334 0.865625 0.20833333333333334 0.20625
3 0.19652777777777777 0.5822916666666667 0.17222222222222222 0.10416666666666667
3 0.4576388888888889 0.5354166666666667 0.05277777777777778 0.04791666666666667
3 0.7430555555555556 0.8760416666666667 0.04583333333333333 0.19375
3 0.6479166666666667 0.5416666666666666 0.16527777777777777 0.10416666666666667
1 0.8152777777777778 0.5114583333333333 0.24583333333333332 0.1875
1 0.9902777777777778 0.828125 0.019444444444444445 0.23958333333333334