3 0.6506944444444445 0.25625 0.08472222222222223 0.225
3 0.5375 0.21770833333333334 0.11805555555555555 0.2916666666666667
3 0.45694444444444443 0.253125 0.1 0.225
3 0.36736111111111114 0.29270833333333335 0.13194444444444445 0.45
3 0.29444444444444445 0.365625 0.1527777777777778 0.41458333333333336
3 0.20833333333333334 0.5229166666666667 0.18194444444444444 0.36666666666666664
3 0.2423611111111111 0.8010416666666667 0.24444444444444444 0.33958333333333335
3 0.7909722222222222 0.45208333333333334 0.41805555555555557 0.5708333333333333
3 0.6736111111111112 0.75 0.6277777777777778 0.5
1 0.16111111111111112 0.32395833333333335 0.32222222222222224 0.6479166666666667
1 0.17847222222222223 0.05625 0.25972222222222224 0.1125
1 0.9368055555555556 0.19791666666666666 0.12638888888888888 0.24166666666666667