3 0.20625 0.825 0.36944444444444446 0.29583333333333334
3 0.625 0.9197916666666667 0.45 0.16041666666666668
1 0.8520833333333333 0.796875 0.27361111111111114 0.40625
3 0.4215277777777778 0.6322916666666667 0.11805555555555555 0.15416666666666667
3 0.6513888888888889 0.85625 0.15138888888888888 0.20208333333333334
3 0.11458333333333333 0.7354166666666667 0.06805555555555555 0.10416666666666667
3 0.3527777777777778 0.9052083333333333 0.059722222222222225 0.13541666666666666
3 0.2534722222222222 0.55625 0.5069444444444444 0.45
1 0.7958333333333333 0.703125 0.09027777777777778 0.12083333333333333
3 0.16458333333333333 0.7520833333333333 0.07222222222222222 0.10208333333333333
3 0.74375 0.5895833333333333 0.18055555555555555 0.13125
3 0.4965277777777778 0.47291666666666665 0.04722222222222222 0.04791666666666667
3 0.32013888888888886 0.4083333333333333 0.030555555555555555 0.04375
3 0.4930555555555556 0.9489583333333333 0.06111111111111111 0.10208333333333333
1 0.05277777777777778 0.7041666666666667 0.10555555555555556 0.12083333333333333
3 0.31180555555555556 0.43854166666666666 0.14722222222222223 0.12083333333333333
1 0.13472222222222222 0.3302083333333333 0.15555555555555556 0.10833333333333334
3 0.1451388888888889 0.8479166666666667 0.07083333333333333 0.14166666666666666