1 0.11511111111111111 0.7782291666666666 0.23022222222222222 0.4435416666666666
3 0.49375 0.93125 0.14027777777777778 0.1375
3 0.7841805555555555 0.8723124999999999 0.4065000000000001 0.2459166666666666
3 0.2355972222222222 0.5885 0.08038888888888888 0.08312499999999995
1 0.8974583333333332 0.6229166666666667 0.17273611111111128 0.08143750000000007
1 0.19470833333333332 0.6965416666666666 0.07195833333333333 0.12514583333333343
3 0.7236388888888888 0.614875 0.05243055555555556 0.06289583333333344
3 0.307375 0.5965625 0.0720833333333333 0.08962499999999997
3 0.53125 0.583 0.03688888888888881 0.04472916666666672
3 0.6538055555555555 0.6320833333333333 0.38769444444444434 0.13585416666666675
3 0.6132777777777778 0.6130416666666666 0.04009722222222223 0.04154166666666678
3 0.44945833333333335 0.5950833333333333 0.030847222222222272 0.05310416666666669