3 0.11938888888888886 0.494375 0.203125 0.4200416666666667
1 0.7734444444444445 0.25452083333333336 0.22777777777777777 0.2779583333333333
3 0.2836944444444444 0.7225416666666666 0.2595277777777778 0.5350416666666667
1 0.29613888888888895 0.36933333333333335 0.22777777777777783 0.18127083333333333
3 0.6284166666666666 0.26366666666666666 0.008541666666666635 0.11499999999999998
1 0.42236111111111113 0.2874791666666667 0.02965277777777781 0.148125
3 0.1550277777777778 0.6009583333333333 0.03876388888888888 0.20947916666666663
3 0.9775416666666668 0.29425 0.040680555555555505 0.15400000000000003
3 0.10822222222222222 0.5965625 0.039638888888888876 0.10858333333333334
1 0.5459027777777778 0.35614583333333333 0.1607638888888889 0.10893750000000005
3 0.1346388888888889 0.2704375 0.052513888888888895 0.09714583333333332
3 0.6953194444444445 0.1315625 0.005388888888888882 0.03870833333333333
3 0.6547916666666667 0.22283333333333336 0.020069444444444508 0.19025
2 0.271 0.43724999999999997 0.0681805555555556 0.046812500000000055
2 0.3664583333333334 0.4262708333333334 0.010458333333333295 0.037833333333333385
3 0.025625 0.5229583333333333 0.03573611111111111 0.16314583333333335
3 0.45190277777777776 0.38635416666666667 0.046541666666666655 0.07764583333333329
2 0.006319444444444444 0.5650625 0.012194444444444444 0.08514583333333334
1 0.7309583333333333 0.6807916666666666 0.5346666666666667 0.63025
2 0.3483888888888889 0.4295625 0.012874999999999975 0.03820833333333328
2 0.21094444444444443 0.4497083333333334 0.016347222222222197 0.037625000000000006
1 0.7875972222222223 0.4123541666666667 0.11980555555555554 0.13779166666666665