3 0.5170833333333333 0.9329999999999999 0.4030694444444443 0.1340000000000001
1 0.8193333333333332 0.9374375 0.20116666666666655 0.12512499999999988
1 0.9666666666666667 0.875 0.06666666666666667 0.25
3 0.06293055555555556 0.5961875 0.12444444444444444 0.13137500000000008
3 0.09570833333333333 0.8276458333333333 0.1645555555555556 0.3094583333333333
3 0.6914027777777778 0.8708541666666666 0.055944444444444484 0.1634166666666668
3 0.6694305555555555 0.9668333333333333 0.07666666666666673 0.06631250000000008
3 0.6137638888888889 0.9440833333333334 0.046388888888888855 0.0991458333333334
3 0.9213888888888888 0.8679166666666667 0.02784722222222216 0.19847916666666662
3 0.5742222222222222 0.5427291666666666 0.3103055555555555 0.1042708333333333
3 0.1654027777777778 0.5225833333333334 0.07879166666666668 0.07864583333333339