3 0.27569444444444446 0.903125 0.4263888888888889 0.19375
3 0.925 0.7697916666666667 0.15 0.23125
3 0.5694444444444444 0.7177083333333333 0.12222222222222222 0.13958333333333334
1 0.9375 0.4822916666666667 0.125 0.20625
3 0.6847222222222222 0.746875 0.44166666666666665 0.4895833333333333
1 0.09027777777777778 0.9791666666666666 0.06666666666666667 0.041666666666666664
3 0.8215277777777777 0.46979166666666666 0.18055555555555555 0.14375
3 0.5625 0.5364583333333334 0.05138888888888889 0.05416666666666667
3 0.35555555555555557 0.9645833333333333 0.06388888888888888 0.07083333333333333
3 0.39791666666666664 0.6375 0.16111111111111112 0.13333333333333333
1 0.1986111111111111 0.6760416666666667 0.15416666666666667 0.11458333333333333