3 0.682125 0.916625 0.2815000000000001 0.16672916666666662
3 0.3493611111111111 0.854 0.3188472222222222 0.2843541666666667
3 0.8951388888888889 0.8583958333333332 0.20972222222222223 0.2435208333333333
1 0.09927777777777777 0.7038541666666667 0.19854166666666664 0.36437499999999995
3 0.07654166666666666 0.922125 0.15306944444444445 0.14383333333333326
3 0.23827777777777778 0.5515208333333333 0.13733333333333334 0.08495833333333327
3 0.20902777777777778 0.934375 0.08194444444444444 0.13125
3 0.6533194444444445 0.568 0.1326944444444444 0.08995833333333329
1 0.8339861111111111 0.5511458333333333 0.13183333333333344 0.07035416666666663
3 0.4729027777777778 0.5317291666666667 0.04568055555555554 0.04145833333333335
3 0.6464861111111111 0.5434583333333334 0.024097222222222252 0.0402083333333333
3 0.7416944444444444 0.5720208333333333 0.04950000000000014 0.05352083333333345
1 0.17541666666666667 0.625125 0.05758333333333335 0.07818749999999994
3 0.4677777777777778 0.6291458333333334 0.23156944444444447 0.11920833333333339
3 0.6191388888888889 0.5394375 0.023999999999999962 0.04137500000000003
1 0.9608611111111112 0.8534583333333334 0.07827777777777764 0.29308333333333325