3 0.5234444444444445 0.9301666666666667 0.36768055555555557 0.13833333333333328
1 0.8325138888888889 0.9323958333333333 0.20788888888888898 0.13518749999999996
3 0.14391666666666666 0.8166458333333334 0.2744166666666667 0.3416666666666667
1 0.9744166666666667 0.8679166666666667 0.051166666666666555 0.24956249999999994
1 0.06402777777777778 0.6079166666666667 0.12805555555555556 0.1049166666666667
3 0.42577777777777776 0.958 0.05251388888888897 0.08056249999999991
3 0.1449027777777778 0.5306458333333334 0.28270833333333334 0.09297916666666671
3 0.7006805555555555 0.86425 0.06188888888888881 0.14502083333333335
3 0.4602083333333334 0.5137916666666666 0.05511111111111104 0.05291666666666662
1 0.9077083333333332 0.525875 0.06708333333333327 0.06970833333333329
3 0.5625 0.5405208333333333 0.33031944444444444 0.10170833333333337
1 0.8535138888888889 0.5244166666666666 0.06658333333333341 0.06349999999999997
3 0.6881944444444444 0.9697916666666667 0.07361111111111111 0.06041666666666667
3 0.22680555555555557 0.9521458333333332 0.03113888888888891 0.09402083333333332