3 0.463625 0.86425 0.8188472222222223 0.2629375000000001
3 0.8930555555555556 0.925 0.20555555555555555 0.15
1 0.08679166666666667 0.7371875 0.17358333333333334 0.35210416666666666
3 0.7250972222222223 0.9591458333333333 0.09826388888888889 0.0817083333333334
3 0.3193333333333333 0.818125 0.10015277777777776 0.13558333333333342
3 0.29491666666666666 0.9433541666666667 0.12249999999999998 0.10858333333333334
3 0.5776388888888888 0.9647708333333332 0.09283333333333338 0.07043750000000013
1 0.8442361111111112 0.6555208333333333 0.14612500000000006 0.07997916666666664
3 0.24475 0.6082708333333334 0.14319444444444443 0.08545833333333329
1 0.17895833333333333 0.6760208333333334 0.05749999999999999 0.08129166666666662
3 0.6650416666666666 0.6536875 0.11658333333333325 0.09485416666666661
3 0.4819305555555556 0.6042500000000001 0.0446805555555555 0.0417083333333333
1 0.9590277777777778 0.91875 0.07916666666666666 0.1625