3 0.599125 0.9349583333333332 0.10358333333333339 0.1300624999999999
3 0.7739305555555556 0.9155208333333333 0.24365277777777786 0.16570833333333326
3 0.26001388888888893 0.8378958333333333 0.4819305555555556 0.3142083333333334
3 0.44775 0.9609375 0.10175 0.07662499999999994
3 0.24169444444444446 0.5317291666666667 0.08911111111111114 0.09933333333333334
1 0.8276388888888888 0.4797291666666667 0.13916666666666672 0.06327083333333335
3 0.13733333333333334 0.9731041666666667 0.04788888888888888 0.05377083333333322
3 0.9829166666666668 0.86425 0.02930555555555543 0.18566666666666667
3 0.06666666666666667 0.9770833333333333 0.03611111111111111 0.04583333333333333
3 0.8188472222222223 0.7232708333333334 0.22851388888888885 0.21918750000000006
3 0.46143055555555557 0.48816666666666664 0.0411388888888889 0.036270833333333384
3 0.6489305555555556 0.5203958333333333 0.15026388888888897 0.07689583333333339
3 0.45386111111111105 0.5925208333333334 0.2358333333333333 0.10683333333333328
1 0.09595833333333334 0.6619791666666667 0.19191666666666668 0.33439583333333334