3 0.2379166666666667 0.536875 0.08166666666666668 0.08056249999999997
1 0.8286111111111112 0.5379583333333334 0.13843055555555567 0.07127083333333335
3 0.45825 0.5185625 0.04168055555555554 0.04208333333333331
1 0.07504166666666667 0.6284166666666666 0.15008333333333335 0.22924999999999998
3 0.7875972222222223 0.7565833333333334 0.4008749999999999 0.3834166666666666
3 0.3981944444444444 0.8100625 0.3708472222222222 0.3495416666666666
3 0.4318888888888889 0.6291458333333334 0.22473611111111116 0.1060208333333333
3 0.09186111111111112 0.8569375 0.17895833333333333 0.2521458333333333
3 0.2459722222222222 0.6547916666666667 0.12420833333333334 0.09195833333333331
3 0.645013888888889 0.5610416666666667 0.14587500000000003 0.09458333333333328
3 0.16601388888888888 0.5401666666666666 0.09056944444444441 0.08606249999999994
3 0.14404166666666665 0.9799791666666666 0.08990277777777776 0.0392916666666667