3 0.7243055555555555 0.9760416666666667 0.09305555555555556 0.04791666666666667
3 0.5194444444444445 0.9552083333333333 0.09722222222222222 0.08958333333333333
3 0.2111111111111111 0.7958333333333333 0.4222222222222222 0.3541666666666667
3 0.8444444444444444 0.9447916666666667 0.20277777777777778 0.11041666666666666
3 0.5034722222222222 0.71875 0.09722222222222222 0.11041666666666666
1 0.1451388888888889 0.5541666666666667 0.07916666666666666 0.10625
3 0.6270833333333333 0.6010416666666667 0.07083333333333333 0.07083333333333333
3 0.46875 0.5416666666666666 0.044444444444444446 0.052083333333333336
3 0.2611111111111111 0.5041666666666667 0.08055555555555556 0.09791666666666667
3 0.19722222222222222 0.48333333333333334 0.08194444444444444 0.09583333333333334
1 0.8291666666666667 0.6635416666666667 0.14583333333333334 0.10625
3 0.5888888888888889 0.96875 0.09444444444444444 0.0625
3 0.11527777777777778 0.8666666666666667 0.05555555555555555 0.07083333333333333
1 0.07152777777777777 0.596875 0.14305555555555555 0.44375
1 0.9159722222222222 0.9385416666666667 0.08472222222222223 0.12291666666666666