3 0.1840277777777778 0.90625 0.2763888888888889 0.1875
3 0.6458333333333334 0.8114583333333333 0.7083333333333334 0.3770833333333333
1 0.8694444444444445 0.55625 0.2611111111111111 0.4375
3 0.6444444444444445 0.8760416666666667 0.1125 0.19583333333333333
3 0.10486111111111111 0.9072916666666667 0.06527777777777778 0.1
3 0.5569444444444445 0.7 0.12222222222222222 0.18333333333333332
3 0.41944444444444445 0.9625 0.16666666666666666 0.075
3 0.3388888888888889 0.6739583333333333 0.6333333333333333 0.50625
3 0.06527777777777778 0.9322916666666666 0.05416666666666667 0.1125
1 0.12986111111111112 0.5395833333333333 0.15138888888888888 0.10625
3 0.11805555555555555 0.9739583333333334 0.06388888888888888 0.052083333333333336
3 0.14583333333333334 0.9479166666666666 0.05555555555555555 0.08541666666666667
3 0.47291666666666665 0.453125 0.044444444444444446 0.04583333333333333
3 0.2923611111111111 0.5364583333333334 0.1527777777777778 0.11666666666666667
3 0.18541666666666667 0.9677083333333333 0.06527777777777778 0.06458333333333334
3 0.29930555555555555 0.9541666666666667 0.04583333333333333 0.09166666666666666
3 0.6881944444444444 0.45208333333333334 0.13472222222222222 0.15625
3 0.7090277777777778 0.81875 0.044444444444444446 0.07916666666666666
3 0.4638888888888889 0.8791666666666667 0.02638888888888889 0.09791666666666667