3 0.8368055555555556 0.8947916666666667 0.26805555555555555 0.21041666666666667
3 0.3611111111111111 0.8385416666666666 0.7222222222222222 0.3229166666666667
1 0.12777777777777777 0.596875 0.25555555555555554 0.41458333333333336
3 0.3736111111111111 0.890625 0.10555555555555556 0.1875
3 0.9131944444444444 0.8645833333333334 0.06111111111111111 0.09375
3 0.4527777777777778 0.7052083333333333 0.11666666666666667 0.17291666666666666
3 0.6020833333333333 0.9614583333333333 0.16527777777777777 0.07708333333333334
3 0.66875 0.6572916666666667 0.6236111111111111 0.4479166666666667
3 0.9534722222222223 0.8864583333333333 0.05 0.10833333333333334
1 0.8708333333333333 0.5010416666666667 0.15 0.09166666666666666
3 0.9034722222222222 0.9552083333333333 0.059722222222222225 0.08958333333333333
3 0.8736111111111111 0.909375 0.05277777777777778 0.08125
3 0.5243055555555556 0.45 0.043055555555555555 0.04375
3 0.7090277777777778 0.5145833333333333 0.15138888888888888 0.10208333333333333
3 0.8347222222222223 0.9520833333333333 0.06111111111111111 0.09583333333333334
3 0.7208333333333333 0.94375 0.03888888888888889 0.1125
3 0.30972222222222223 0.471875 0.12916666666666668 0.14583333333333334
3 0.30625 0.8395833333333333 0.041666666666666664 0.075
3 0.5534722222222223 0.875 0.020833333333333332 0.09791666666666667