3 0.6708333333333333 0.95 0.10277777777777777 0.1
3 0.7416944444444444 0.8847708333333333 0.5024444444444445 0.2109375
3 0.45694444444444443 0.946875 0.10555555555555556 0.10625
3 0.09894444444444442 0.9250416666666667 0.1815138888888889 0.14968750000000006
1 0.071625 0.5526041666666667 0.14325 0.21147916666666663
3 0.23254166666666667 0.7683125000000001 0.11358333333333331 0.2239375
3 0.44336111111111115 0.5093958333333333 0.05398611111111112 0.05191666666666664
1 0.8212916666666668 0.5749583333333333 0.14612500000000006 0.08560416666666673
3 0.19006944444444443 0.499875 0.16162500000000002 0.10299999999999994
3 0.6289027777777778 0.5705625 0.12548611111111113 0.09658333333333337
3 0.3798888888888889 0.6276875000000001 0.31323611111111105 0.20087499999999997
3 0.296875 0.9579375 0.09222222222222219 0.08412499999999999
3 0.08001388888888888 0.7661041666666667 0.16002777777777777 0.2404166666666666
1 0.9406527777777778 0.8761875 0.11868055555555562 0.24762500000000004