3 0.5222222222222223 0.9114583333333334 0.4111111111111111 0.17708333333333334
1 0.22361111111111112 0.9583333333333334 0.2111111111111111 0.08333333333333333
1 0.07222222222222222 0.91875 0.08888888888888889 0.1625
3 0.9368055555555556 0.503125 0.12638888888888888 0.15625
3 0.9173611111111111 0.7395833333333334 0.16527777777777777 0.3416666666666667
3 0.3451388888888889 0.9072916666666667 0.07083333333333333 0.17291666666666666
3 0.37569444444444444 0.978125 0.08194444444444444 0.04375
3 0.42777777777777776 0.9541666666666667 0.05555555555555555 0.09166666666666666
3 0.11597222222222223 0.925 0.04583333333333333 0.15
3 0.4305555555555556 0.5572916666666666 0.31666666666666665 0.16875
3 0.8333333333333334 0.45208333333333334 0.08472222222222223 0.09375