3 0.8125 0.8754583333333333 0.3395972222222222 0.2490833333333332
3 0.39648611111111115 0.8984791666666666 0.45190277777777776 0.20304166666666673
1 0.10694444444444444 0.721875 0.21388888888888888 0.48125
3 0.8891666666666668 0.7954166666666667 0.09570833333333345 0.08897916666666675
3 0.3659722222222222 0.7485416666666667 0.12695833333333328 0.1964791666666668
3 0.8276388888888888 0.6529583333333334 0.11901388888888896 0.33562500000000006
3 0.2722222222222222 0.9389583333333333 0.06866666666666667 0.1213958333333333
3 0.7895555555555556 0.9126041666666667 0.05834722222222221 0.12314583333333336
3 0.6538055555555555 0.44164583333333335 0.04840277777777781 0.04816666666666668
3 0.8574166666666667 0.8994166666666668 0.058652777777777804 0.12854166666666675
3 0.24279166666666668 0.5017083333333333 0.15331944444444442 0.10097916666666672
3 0.6748055555555555 0.479 0.6176805555555556 0.1462916666666666
1 0.8466805555555555 0.41785416666666664 0.13684722222222218 0.07022916666666662
3 0.5595694444444445 0.9768333333333333 0.08868055555555558 0.04633333333333335
1 0.1870138888888889 0.5863125 0.058013888888888886 0.09987499999999988
3 0.4816944444444444 0.45189583333333333 0.04586111111111109 0.04037499999999999
3 0.4123472222222222 0.4676458333333333 0.12793055555555558 0.055791666666666725