3 0.8549861111111111 0.9462916666666668 0.13524999999999984 0.10472916666666662
3 0.25293055555555555 0.8664583333333333 0.16052777777777777 0.23491666666666663
1 0.07684722222222222 0.6393958333333334 0.15368055555555557 0.25250000000000006
3 0.49854166666666666 0.8034583333333334 0.20727777777777778 0.3515625
3 0.6210972222222222 0.9622291666666667 0.10993055555555552 0.07552083333333333
3 0.19677777777777777 0.531375 0.1597916666666667 0.08606250000000007
3 0.9506805555555555 0.92725 0.09283333333333323 0.11362499999999992
3 0.7856388888888889 0.7295 0.3969722222222221 0.39697916666666677
3 0.4555694444444444 0.5039166666666667 0.049402777777777844 0.0442291666666667
3 0.7734444444444445 0.828375 0.04193055555555563 0.2352916666666668
1 0.8208055555555556 0.5068333333333334 0.14087500000000008 0.06789583333333328
3 0.20593055555555556 0.9754375 0.09466666666666668 0.049125000000000085
3 0.6542916666666666 0.5346666666666666 0.13318055555555552 0.08560416666666673