3 0.33125 0.953125 0.10138888888888889 0.09375
3 0.9055555555555556 0.8833333333333333 0.17222222222222222 0.20208333333333334
3 0.26944444444444443 0.8677083333333333 0.5 0.26458333333333334
3 0.5402777777777777 0.96875 0.10277777777777777 0.0625
3 0.6048611111111111 0.7666666666666667 0.3236111111111111 0.37083333333333335
1 0.9368055555555556 0.625 0.12638888888888888 0.1125
1 0.030555555555555555 0.8625 0.05277777777777778 0.275
3 0.2625 0.9864583333333333 0.06944444444444445 0.027083333333333334
3 0.8416666666666667 0.5229166666666667 0.06805555555555555 0.06458333333333334
3 0.7708333333333334 0.53125 0.08194444444444444 0.0875
3 0.3625 0.5354166666666667 0.13472222222222222 0.08958333333333333
3 0.5347222222222222 0.53125 0.12777777777777777 0.08125
1 0.1840277777777778 0.49583333333333335 0.2708333333333333 0.11875