3 0.6263888888888889 0.9604166666666667 0.1111111111111111 0.07916666666666666
3 0.7027777777777777 0.8864583333333333 0.5166666666666667 0.22708333333333333
3 0.41597222222222224 0.9333333333333333 0.11388888888888889 0.12708333333333333
3 0.0798611111111111 0.8364583333333333 0.1597222222222222 0.18541666666666667
1 0.07569444444444444 0.46145833333333336 0.15138888888888888 0.23958333333333334
3 0.21041666666666667 0.709375 0.13333333333333333 0.24583333333333332
3 0.44305555555555554 0.4979166666666667 0.058333333333333334 0.0625
1 0.8111111111111111 0.6416666666666667 0.1527777777777778 0.11458333333333333
3 0.19305555555555556 0.4354166666666667 0.16944444444444445 0.13541666666666666
3 0.6208333333333333 0.596875 0.13333333333333333 0.12083333333333333
3 0.36944444444444446 0.6010416666666667 0.32916666666666666 0.26458333333333334
3 0.25625 0.9114583333333334 0.09861111111111111 0.10208333333333333
3 0.075 0.675 0.15 0.2708333333333333
1 0.9006944444444445 0.9145833333333333 0.14027777777777778 0.17083333333333334