1 0.10559722222222222 0.7858958333333333 0.20727777777777778 0.3768333333333333
3 0.8915972222222223 0.9513125 0.0819722222222222 0.09737500000000002
3 0.6240277777777778 0.77125 0.7314444444444445 0.4383541666666666
3 0.3298333333333333 0.87525 0.12512499999999996 0.22852083333333345
1 0.17493055555555556 0.6936041666666667 0.07684722222222223 0.09297916666666665
3 0.8188472222222223 0.9513333333333333 0.09349999999999992 0.0973333333333334
3 0.22741666666666668 0.6057083333333334 0.1999444444444445 0.09558333333333333
3 0.5708055555555556 0.7203333333333333 0.10577777777777773 0.09214583333333337
3 0.494875 0.562875 0.046472222222222276 0.04129166666666677
1 0.8706111111111111 0.5372291666666666 0.14758333333333332 0.06408333333333331
3 0.6518611111111111 0.9674375000000001 0.05941666666666663 0.06512499999999997