3 0.13958333333333334 0.42083333333333334 0.2361111111111111 0.41041666666666665
1 0.8006944444444445 0.31354166666666666 0.24722222222222223 0.29375
3 0.25069444444444444 0.878125 0.24027777777777778 0.20208333333333334
3 0.04652777777777778 0.4322916666666667 0.03888888888888889 0.18333333333333332
3 0.6722222222222223 0.2875 0.043055555555555555 0.1375
3 0.725 0.17604166666666668 0.02638888888888889 0.041666666666666664
1 0.3236111111111111 0.3333333333333333 0.2222222222222222 0.20208333333333334
1 0.5645833333333333 0.3729166666666667 0.1625 0.13125
3 0.1701388888888889 0.209375 0.05694444444444444 0.09375
1 0.4513888888888889 0.28854166666666664 0.034722222222222224 0.16458333333333333
3 0.017361111111111112 0.459375 0.034722222222222224 0.10208333333333333
1 0.7201388888888889 0.6864583333333333 0.5597222222222222 0.6270833333333333
2 0.38333333333333336 0.40520833333333334 0.0125 0.035416666666666666
1 0.7944444444444444 0.465625 0.12222222222222222 0.15625
2 0.3659722222222222 0.403125 0.013888888888888888 0.0375