3 0.5479166666666667 0.896875 0.4125 0.20625
1 0.2534722222222222 0.9697916666666667 0.2152777777777778 0.06041666666666667
1 0.10138888888888889 0.9447916666666667 0.10277777777777777 0.11041666666666666
3 0.9347222222222222 0.44583333333333336 0.13055555555555556 0.17083333333333334
3 0.9194444444444444 0.6822916666666666 0.16111111111111112 0.35625
3 0.36875 0.91875 0.07916666666666666 0.1625
3 0.4048611111111111 0.9833333333333333 0.08472222222222223 0.03333333333333333
3 0.4548611111111111 0.9572916666666667 0.059722222222222225 0.08541666666666667
3 0.14375 0.95 0.05694444444444444 0.1
3 0.4340277777777778 0.5666666666666667 0.31805555555555554 0.20625
3 0.8291666666666667 0.409375 0.08888888888888889 0.10416666666666667