3 0.2763888888888889 0.86875 0.29583333333333334 0.23125
3 0.6111111111111112 0.853125 0.34444444444444444 0.29375
3 0.09375 0.7614583333333333 0.1875 0.28958333333333336
1 0.8743055555555556 0.7958333333333333 0.23472222222222222 0.40625
3 0.8736111111111111 0.9635416666666666 0.16666666666666666 0.07291666666666667
3 0.7534722222222222 0.6125 0.14444444444444443 0.11666666666666667
3 0.7416666666666667 0.9614583333333333 0.09444444444444444 0.07708333333333334
3 0.3416666666666667 0.53125 0.14027777777777778 0.12083333333333333
1 0.16458333333333333 0.471875 0.1375 0.1
3 0.5236111111111111 0.5375 0.05 0.052083333333333336
3 0.3506944444444444 0.5083333333333333 0.027777777777777776 0.04583333333333333
3 0.2534722222222222 0.5145833333333333 0.05416666666666667 0.06458333333333334
1 0.8076388888888889 0.7 0.06527777777777778 0.09166666666666666
3 0.5180555555555556 0.6354166666666666 0.24166666666666667 0.17291666666666666
3 0.3784722222222222 0.5114583333333333 0.027777777777777776 0.04583333333333333
1 0.030555555555555555 0.7395833333333334 0.06111111111111111 0.30833333333333335