3 0.7972222222222223 0.37395833333333334 0.1875 0.39166666666666666
3 0.9166666666666666 0.353125 0.11527777777777778 0.28125
3 0.6090277777777777 0.5666666666666667 0.2513888888888889 0.4270833333333333
1 0.18958333333333333 0.16458333333333333 0.2361111111111111 0.27291666666666664
1 0.3277777777777778 0.16875 0.0375 0.13125
1 0.5361111111111111 0.18229166666666666 0.029166666666666667 0.1375
1 0.23472222222222222 0.628125 0.4666666666666667 0.7208333333333333
1 0.4201388888888889 0.2604166666666667 0.15833333333333333 0.10833333333333334
1 0.9875 0.290625 0.025 0.13125
3 0.26319444444444445 0.03854166666666667 0.005555555555555556 0.035416666666666666
3 0.11736111111111111 0.33229166666666665 0.225 0.17291666666666666
3 0.8118055555555556 0.16666666666666666 0.0625 0.09791666666666667
1 0.19652777777777777 0.06354166666666666 0.043055555555555555 0.029166666666666667
3 0.6847222222222222 0.22395833333333334 0.10138888888888889 0.10208333333333333
1 0.7381944444444445 0.28958333333333336 0.04722222222222222 0.03333333333333333
1 0.40902777777777777 0.2760416666666667 0.0125 0.075
2 0.5888888888888889 0.32395833333333335 0.009722222222222222 0.03333333333333333
2 0.6034722222222222 0.32395833333333335 0.07916666666666666 0.05
3 0.9840277777777777 0.534375 0.03194444444444444 0.0625
2 0.6652777777777777 0.33541666666666664 0.013888888888888888 0.03125