1 0.07934722222222222 0.6383125 0.12127777777777776 0.09631250000000004
3 0.7050833333333334 0.7910208333333333 0.17956944444444448 0.4086874999999999
3 0.21533333333333332 0.8430208333333333 0.12102777777777776 0.2616666666666667
3 0.4152777777777778 0.7822291666666668 0.3618194444444444 0.39477083333333335
3 0.8808611111111111 0.906 0.20434722222222237 0.18566666666666667
3 0.1934861111111111 0.5504166666666667 0.16919444444444443 0.08720833333333336
3 0.4558055555555556 0.531 0.05050000000000002 0.04356249999999999
3 0.7250972222222223 0.9001458333333333 0.03704166666666669 0.18987499999999996
3 0.6455138888888888 0.5566458333333333 0.16137500000000007 0.0870208333333333
1 0.8140833333333333 0.544375 0.23926388888888886 0.16354166666666667
1 0.9847222222222223 0.88125 0.030555555555555555 0.2375