3 0.5986388888888888 0.9301666666666667 0.07720833333333338 0.1209374999999999
3 0.37622222222222224 0.9518749999999999 0.12877777777777782 0.09622916666666678
1 0.8164027777777777 0.9336666666666668 0.19372222222222224 0.13266666666666657
3 0.06323611111111112 0.8679166666666667 0.11456944444444446 0.24683333333333338
1 0.9624027777777777 0.8679166666666667 0.07183333333333337 0.26331249999999995
3 0.36108333333333337 0.687375 0.3037083333333333 0.2404166666666666
1 0.05581944444444444 0.6108333333333333 0.11102777777777778 0.08327083333333339
3 0.4350555555555556 0.5141666666666667 0.06695833333333338 0.05791666666666663
3 0.15588888888888888 0.5233125 0.07641666666666667 0.06993750000000004
3 0.6401388888888888 0.5474791666666667 0.09466666666666662 0.07439583333333336
3 0.2298611111111111 0.5273541666666667 0.0695138888888889 0.07370833333333332
3 0.6708333333333333 0.9635416666666666 0.07777777777777778 0.07291666666666667
1 0.8471666666666667 0.5269791666666667 0.14123611111111117 0.07154166666666674
3 0.69775 0.8715833333333334 0.06841666666666665 0.14024999999999987
3 0.5 0.9462916666666668 0.08599999999999994 0.10739583333333323
3 0.09252777777777778 0.5240416666666667 0.05459722222222223 0.05704166666666672