3 0.7104166666666667 0.8854166666666666 0.2916666666666667 0.21041666666666667
3 0.37430555555555556 0.8541666666666666 0.3375 0.2916666666666667
3 0.9027777777777778 0.79375 0.19444444444444445 0.275
1 0.11597222222222223 0.765625 0.2222222222222222 0.39375
3 0.1076388888888889 0.9510416666666667 0.1625 0.09791666666666667
3 0.24305555555555555 0.5927083333333333 0.14305555555555555 0.10625
3 0.24097222222222223 0.953125 0.09027777777777778 0.09375
3 0.6569444444444444 0.54375 0.1388888888888889 0.11041666666666666
1 0.8354166666666667 0.49895833333333334 0.1361111111111111 0.09166666666666666
3 0.475 0.5354166666666667 0.04861111111111111 0.04791666666666667
3 0.6486111111111111 0.5197916666666667 0.02638888888888889 0.04375
3 0.7451388888888889 0.5333333333333333 0.05277777777777778 0.06041666666666667
1 0.18611111111111112 0.675 0.0625 0.0875
3 0.47708333333333336 0.6333333333333333 0.2388888888888889 0.15416666666666667
3 0.6215277777777778 0.5208333333333334 0.02638888888888889 0.04583333333333333
1 0.9666666666666667 0.7791666666666667 0.06666666666666667 0.30416666666666664