3 0.1638888888888889 0.84375 0.3111111111111111 0.27291666666666664
1 0.7923611111111111 0.85625 0.39305555555555555 0.2875
3 0.3625 0.9364583333333333 0.1763888888888889 0.11875
1 0.5902777777777778 0.89375 0.18611111111111112 0.14166666666666666
3 0.5048611111111111 0.7520833333333333 0.15833333333333333 0.31875
3 0.48055555555555557 0.8458333333333333 0.0375 0.13958333333333334
3 0.12291666666666666 0.49895833333333334 0.2361111111111111 0.09583333333333334
1 0.8125 0.5833333333333334 0.2013888888888889 0.08333333333333333
3 0.011805555555555555 0.8635416666666667 0.02361111111111111 0.13958333333333334
3 0.6909722222222222 0.8697916666666666 0.043055555555555555 0.11666666666666667
3 0.3159722222222222 0.8614583333333333 0.10555555555555556 0.08541666666666667
3 0.4 0.509375 0.043055555555555555 0.04583333333333333