3 0.2569444444444444 0.8979166666666667 0.35555555555555557 0.20416666666666666
3 0.6868055555555556 0.9177083333333333 0.44305555555555554 0.16458333333333333
1 0.8875 0.7291666666666666 0.225 0.4666666666666667
3 0.44166666666666665 0.6541666666666667 0.10833333333333334 0.13333333333333333
3 0.6979166666666666 0.8010416666666667 0.1375 0.17708333333333334
3 0.15555555555555556 0.8510416666666667 0.059722222222222225 0.09166666666666666
3 0.41180555555555554 0.9395833333333333 0.04861111111111111 0.12083333333333333
3 0.2604166666666667 0.634375 0.49722222222222223 0.3541666666666667
1 0.8173611111111111 0.60625 0.08194444444444444 0.10625
3 0.20694444444444443 0.8510416666666667 0.06388888888888888 0.08958333333333333
3 0.7506944444444444 0.5125 0.175 0.09583333333333334
3 0.4930555555555556 0.4739583333333333 0.044444444444444446 0.0375
3 0.31180555555555556 0.4666666666666667 0.02638888888888889 0.03958333333333333
3 0.55625 0.946875 0.05277777777777778 0.10208333333333333
1 0.07569444444444444 0.8447916666666667 0.13333333333333333 0.09375
3 0.8173611111111111 0.9489583333333333 0.0625 0.07291666666666667
3 0.3076388888888889 0.49895833333333334 0.14166666666666666 0.09375
3 0.8826388888888889 0.95 0.04583333333333333 0.0625
1 0.11944444444444445 0.4479166666666667 0.15138888888888888 0.07708333333333334
3 0.20069444444444445 0.9427083333333334 0.059722222222222225 0.11458333333333333
3 0.025694444444444443 0.9802083333333333 0.029166666666666667 0.03958333333333333