3 0.18472222222222223 0.5947916666666667 0.25277777777777777 0.47291666666666665
1 0.7625 0.16041666666666668 0.275 0.32083333333333336
3 0.4263888888888889 0.728125 0.3527777777777778 0.54375
3 0.4861111111111111 0.9552083333333333 0.075 0.08958333333333333
3 0.6236111111111111 0.19583333333333333 0.04722222222222222 0.14583333333333334
1 0.4236111111111111 0.296875 0.06111111111111111 0.17708333333333334
1 0.5451388888888888 0.30104166666666665 0.18194444444444444 0.2
3 0.5715277777777777 0.9541666666666667 0.05694444444444444 0.08125
1 0.7652777777777777 0.58125 0.46944444444444444 0.775
1 0.32916666666666666 0.41041666666666665 0.22916666666666666 0.25
3 0.6784722222222223 0.14270833333333333 0.04583333333333333 0.24166666666666667
2 0.3902777777777778 0.45208333333333334 0.016666666666666666 0.041666666666666664
3 0.46805555555555556 0.3854166666666667 0.05138888888888889 0.08958333333333333
3 0.6659722222222222 0.04375 0.011111111111111112 0.04375
3 0.7458333333333333 0.23541666666666666 0.07083333333333333 0.18125
3 0.13680555555555557 0.375 0.04861111111111111 0.12916666666666668
3 0.9479166666666666 0.11145833333333334 0.03194444444444444 0.09166666666666666
2 0.3736111111111111 0.4625 0.019444444444444445 0.041666666666666664
2 0.3548611111111111 0.478125 0.015277777777777777 0.03333333333333333
1 0.7375 0.03958333333333333 0.05 0.04583333333333333
1 0.8506944444444444 0.2864583333333333 0.16666666666666666 0.18333333333333332
2 0.2673611111111111 0.5114583333333333 0.020833333333333332 0.04583333333333333
2 0.3416666666666667 0.48125 0.018055555555555554 0.035416666666666666
2 0.31180555555555556 0.490625 0.022222222222222223 0.04583333333333333
2 0.4097222222222222 0.43333333333333335 0.016666666666666666 0.035416666666666666
3 0.22916666666666666 0.734375 0.05277777777777778 0.13958333333333334