3 0.682125 0.899125 0.2539027777777777 0.20175000000000007
3 0.2746527777777778 0.9080416666666667 0.479 0.1838958333333333
3 0.8974583333333332 0.8261666666666667 0.203125 0.2521458333333333
1 0.08125 0.7145833333333333 0.1625 0.35833333333333334
3 0.1973888888888889 0.5533541666666667 0.1386666666666667 0.08468749999999996
3 0.8618194444444445 0.9565416666666666 0.09752777777777781 0.084375
1 0.7929722222222223 0.51525 0.13476388888888885 0.06162500000000003
3 0.198125 0.9393333333333334 0.07068055555555554 0.12131250000000003
3 0.7338888888888888 0.9382291666666667 0.03583333333333327 0.12314583333333336
3 0.7788055555555555 0.6291458333333334 0.4186944444444445 0.1988541666666667
1 0.9513888888888888 0.806375 0.09722222222222222 0.27847916666666656