3 0.08312499999999999 0.4336041666666667 0.12231944444444444 0.28875000000000006
3 0.2095972222222222 0.45995833333333336 0.2017777777777778 0.4171041666666666
1 0.8276388888888888 0.22175 0.2465833333333333 0.2874791666666667
3 0.42333333333333334 0.7067916666666666 0.28955555555555557 0.5617708333333333
1 0.7841805555555555 0.656625 0.43018055555555557 0.6763958333333332
3 0.682125 0.22210416666666663 0.046472222222222276 0.14154166666666662
1 0.47338888888888886 0.258 0.03270833333333327 0.16314583333333335
1 0.5903333333333334 0.28545833333333337 0.16662500000000005 0.19372916666666667
1 0.3725555555555556 0.33049999999999996 0.18981944444444437 0.18283333333333332
1 0.007902777777777778 0.380125 0.015597222222222222 0.09970833333333336
3 0.5058611111111111 0.3495416666666667 0.040680555555555505 0.06993749999999999
2 0.4133333333333334 0.39147916666666666 0.030277777777777716 0.0423125
1 0.8183611111111111 0.114625 0.047430555555555684 0.028041666666666652
3 0.18566666666666667 0.23731249999999998 0.014388888888888908 0.07937500000000001
3 0.2095972222222222 0.5734791666666667 0.04312500000000002 0.09214583333333337
2 0.2915 0.40685416666666663 0.02855555555555556 0.04345833333333336
3 0.6123055555555555 0.818125 0.14465277777777774 0.18731249999999994
3 0.7495138888888888 0.09420833333333332 0.005361111111110972 0.03922916666666666
1 0.8881805555555555 0.38085416666666666 0.15100000000000005 0.13687499999999997
2 0.3393611111111111 0.39916666666666667 0.013583333333333296 0.0364166666666667
2 0.44481944444444443 0.38085416666666666 0.03290277777777785 0.033749999999999974
2 0.5302777777777778 0.7463333333333334 0.03795833333333339 0.0633541666666666