3 0.13333333333333333 0.346875 0.26666666666666666 0.48541666666666666
1 0.80625 0.36875 0.26805555555555555 0.35625
3 0.25277777777777777 0.63125 0.34305555555555556 0.6166666666666667
1 0.32569444444444445 0.2947916666666667 0.2513888888888889 0.2625
3 0.6645833333333333 0.321875 0.027777777777777776 0.11458333333333333
1 0.4618055555555556 0.26458333333333334 0.05416666666666667 0.15416666666666667
3 0.14930555555555555 0.4635416666666667 0.07361111111111111 0.21666666666666667
3 0.9819444444444444 0.4864583333333333 0.03611111111111111 0.16458333333333333
3 0.10486111111111111 0.44166666666666665 0.05694444444444444 0.12083333333333333
1 0.5694444444444444 0.37916666666666665 0.1736111111111111 0.16666666666666666
3 0.18680555555555556 0.13645833333333332 0.06805555555555555 0.11458333333333333
3 0.7520833333333333 0.21979166666666666 0.0125 0.03958333333333333
3 0.6972222222222222 0.29270833333333335 0.05277777777777778 0.19166666666666668
2 0.28958333333333336 0.35 0.07361111111111111 0.07083333333333333
2 0.3840277777777778 0.3770833333333333 0.016666666666666666 0.03958333333333333
3 0.0375 0.3375 0.0625 0.17083333333333334
3 0.47291666666666665 0.371875 0.058333333333333334 0.09375
2 0.0125 0.37083333333333335 0.025 0.0875
1 0.6895833333333333 0.678125 0.6208333333333333 0.64375
2 0.3659722222222222 0.3729166666666667 0.019444444444444445 0.041666666666666664
2 0.22916666666666666 0.33958333333333335 0.022222222222222223 0.041666666666666664
1 0.7930555555555555 0.5270833333333333 0.1388888888888889 0.17916666666666667