3 0.7159722222222222 0.9041666666666667 0.1125 0.12291666666666666
3 0.7597222222222222 0.821875 0.48055555555555557 0.32708333333333334
3 0.5034722222222222 0.9427083333333334 0.11527777777777778 0.11458333333333333
3 0.14722222222222223 0.959375 0.19444444444444445 0.08125
1 0.08263888888888889 0.6520833333333333 0.1638888888888889 0.24166666666666667
3 0.2638888888888889 0.828125 0.1361111111111111 0.24791666666666667
3 0.44513888888888886 0.5229166666666667 0.058333333333333334 0.06458333333333334
1 0.825 0.49895833333333334 0.1527777777777778 0.11875
3 0.19375 0.5729166666666666 0.17083333333333334 0.13958333333333334
3 0.6347222222222222 0.5395833333333333 0.13333333333333333 0.125
3 0.39444444444444443 0.6541666666666667 0.33055555555555555 0.27291666666666664
3 0.3472222222222222 0.9739583333333334 0.1 0.052083333333333336
3 0.11319444444444444 0.8614583333333333 0.18333333333333332 0.275
1 0.9513888888888888 0.7677083333333333 0.09722222222222222 0.27291666666666664