1 0.22290277777777778 0.6569791666666667 0.4450694444444445 0.6705416666666667
3 0.7924861111111111 0.854 0.3684027777777778 0.2847291666666666
3 0.0805 0.9534791666666667 0.15075 0.0930416666666666
3 0.29468055555555556 0.9668125 0.06683333333333334 0.06637500000000003
3 0.34081944444444445 0.5328333333333333 0.11340277777777774 0.0520416666666667
3 0.5208333333333334 0.8760416666666667 0.16666666666666666 0.24791666666666667
1 0.9042916666666667 0.5544375 0.16527777777777777 0.07818749999999994
3 0.17577777777777778 0.9771041666666667 0.042819444444444424 0.0457916666666667
3 0.5864305555555556 0.5288125 0.03113888888888883 0.03768749999999995
3 0.22716666666666668 0.5302708333333334 0.05358333333333331 0.04497916666666661
3 0.9209027777777777 0.9455625 0.0527083333333334 0.10739583333333323
3 0.5117222222222222 0.5452916666666667 0.03277777777777781 0.048708333333333326