3 0.09097222222222222 0.8260416666666667 0.14722222222222223 0.14375
3 0.6902777777777778 0.8979166666666667 0.18888888888888888 0.20416666666666666
1 0.8944444444444445 0.76875 0.18472222222222223 0.29583333333333334
3 0.45902777777777776 0.7958333333333333 0.2513888888888889 0.4083333333333333
3 0.3173611111111111 0.9145833333333333 0.11805555555555555 0.10833333333333334
3 0.7923611111111111 0.625 0.16805555555555557 0.13333333333333333
3 0.02638888888888889 0.7760416666666666 0.05277777777777778 0.13958333333333334
3 0.2048611111111111 0.6354166666666666 0.4097222222222222 0.5125
3 0.5430555555555555 0.5177083333333333 0.05416666666666667 0.058333333333333334
3 0.18680555555555556 0.7354166666666667 0.07361111111111111 0.24375
1 0.18541666666666667 0.40625 0.14722222222222223 0.11041666666666666
3 0.34444444444444444 0.48541666666666666 0.14166666666666666 0.125