3 0.7479166666666667 0.865625 0.23194444444444445 0.26875
3 0.5638888888888889 0.8583333333333333 0.1 0.22708333333333333
3 0.2923611111111111 0.8510416666666667 0.4486111111111111 0.29375
1 0.0875 0.46770833333333334 0.175 0.30625
3 0.9152777777777777 0.9604166666666667 0.12777777777777777 0.07916666666666666
1 0.9166666666666666 0.7958333333333333 0.1527777777777778 0.2625
3 0.06458333333333334 0.8520833333333333 0.125 0.22083333333333333
3 0.2638888888888889 0.653125 0.13472222222222222 0.17708333333333334
3 0.7541666666666667 0.7958333333333333 0.06388888888888888 0.10208333333333333
3 0.6604166666666667 0.603125 0.6541666666666667 0.45
1 0.8291666666666667 0.4114583333333333 0.14027777777777778 0.08125