3 0.6659722222222222 0.8697916666666666 0.6680555555555555 0.2604166666666667
3 0.27569444444444446 0.9333333333333333 0.09027777777777778 0.13333333333333333
1 0.8895833333333333 0.6302083333333334 0.22083333333333333 0.40208333333333335
3 0.0875 0.9333333333333333 0.11944444444444445 0.13333333333333333
3 0.5423611111111111 0.7385416666666667 0.1388888888888889 0.18333333333333332
3 0.6270833333333333 0.9197916666666667 0.10138888888888889 0.1375
3 0.38958333333333334 0.9479166666666666 0.12083333333333333 0.10416666666666667
3 0.24444444444444444 0.74375 0.4583333333333333 0.41041666666666665
1 0.18333333333333332 0.546875 0.13472222222222222 0.08541666666666667
3 0.7986111111111112 0.8916666666666667 0.1 0.1375
3 0.5569444444444445 0.5864583333333333 0.35555555555555557 0.225
3 0.7243055555555555 0.4895833333333333 0.07361111111111111 0.09583333333333334
3 0.33402777777777776 0.5572916666666666 0.15138888888888888 0.10416666666666667
3 0.5173611111111112 0.49270833333333336 0.04583333333333333 0.04375