3 0.5152777777777777 0.8416666666666667 0.8305555555555556 0.31666666666666665
3 0.09513888888888888 0.871875 0.19027777777777777 0.17708333333333334
1 0.8979166666666667 0.790625 0.19305555555555556 0.3729166666666667
3 0.24930555555555556 0.928125 0.10277777777777777 0.09375
3 0.6618055555555555 0.840625 0.10833333333333334 0.14791666666666667
3 0.6777777777777778 0.953125 0.12777777777777777 0.09375
3 0.3958333333333333 0.953125 0.09722222222222222 0.08333333333333333
1 0.14791666666666667 0.6104166666666667 0.15 0.09791666666666667
3 0.7479166666666667 0.6416666666666667 0.14722222222222223 0.10416666666666667
1 0.8097222222222222 0.7177083333333333 0.0625 0.0875
3 0.3263888888888889 0.63125 0.12222222222222222 0.11041666666666666
3 0.5118055555555555 0.60625 0.04722222222222222 0.04791666666666667
1 0.03125 0.8572916666666667 0.0625 0.17291666666666666