3 0.17847222222222223 0.5031666666666667 0.20238888888888892 0.42225
1 0.8037083333333332 0.22412500000000002 0.24219444444444435 0.2951666666666667
3 0.39526388888888886 0.7327916666666667 0.29101388888888885 0.5284375
3 0.4274861111111111 0.9514166666666667 0.06548611111111108 0.08881249999999999
3 0.6596666666666666 0.23712499999999997 0.030375000000000006 0.13952083333333337
1 0.4511666666666666 0.2783125 0.040680555555555505 0.1682708333333333
1 0.5698194444444444 0.317875 0.16565277777777776 0.15508333333333332
3 0.5122083333333334 0.9659583333333334 0.04858333333333336 0.06808333333333323
1 0.7763611111111112 0.6643125 0.4460416666666667 0.6602708333333335
1 0.34400000000000003 0.3631041666666667 0.20812500000000003 0.19335416666666666
3 0.7207083333333333 0.20068749999999996 0.014791666666666793 0.2411458333333333
2 0.39844444444444443 0.4215 0.012625000000000044 0.03862500000000004
3 0.48315277777777776 0.3779375 0.042388888888888865 0.07864583333333333
3 0.7211944444444445 0.09987499999999999 0.006194444444444495 0.04193749999999999
3 0.7749027777777777 0.3111041666666667 0.04995833333333337 0.16972916666666663
3 0.15966666666666665 0.27299999999999996 0.03443055555555555 0.12139583333333333
3 0.9887638888888889 0.247 0.02162499999999991 0.08766666666666663
2 0.3806111111111111 0.42664583333333334 0.015486111111111079 0.03850000000000004
2 0.3603472222222222 0.43724999999999997 0.012291666666666699 0.030020833333333385
1 0.7915 0.11581250000000001 0.047333333333333234 0.032624999999999994
1 0.8710972222222223 0.39110416666666664 0.15148611111111102 0.1432708333333333
2 0.2700138888888889 0.4449375 0.01530555555555553 0.04256250000000002
2 0.34668055555555555 0.4361666666666667 0.013902777777777766 0.03218749999999997
2 0.31616666666666665 0.43724999999999997 0.016666666666666666 0.04106249999999996
2 0.41968055555555556 0.4083333333333333 0.013277777777777703 0.03291666666666669
3 0.2043472222222222 0.6522291666666666 0.0369861111111111 0.13156249999999994