3 0.1810277777777778 0.8781666666666667 0.30054166666666665 0.24206250000000012
1 0.8090833333333333 0.8488749999999999 0.38086111111111115 0.29608333333333337
3 0.3830555555555556 0.9493125 0.17162500000000003 0.10135416666666662
1 0.6084027777777778 0.8832916666666667 0.18041666666666664 0.12268749999999998
3 0.5165972222222222 0.7507291666666667 0.1441666666666666 0.30414583333333334
3 0.4965833333333334 0.8474166666666666 0.0316111111111111 0.13631250000000014
3 0.12402777777777775 0.5379583333333334 0.23376388888888888 0.07218749999999995
1 0.8154305555555555 0.5500416666666667 0.19897222222222222 0.06289583333333339
3 0.02025 0.9147916666666667 0.036625000000000005 0.13631250000000014
3 0.7080138888888888 0.8488749999999999 0.038111111111111186 0.11214583333333342
3 0.33325 0.8796458333333333 0.10302777777777775 0.07397916666666665
3 0.400875 0.5196458333333334 0.040930555555555595 0.04160416666666673