3 0.15416666666666667 0.8364583333333333 0.09444444444444444 0.13333333333333333
3 0.35555555555555557 0.915625 0.09861111111111111 0.11875
3 0.6847222222222222 0.88125 0.4305555555555556 0.2375
3 0.075 0.75625 0.15 0.24583333333333332
3 0.4375 0.696875 0.09861111111111111 0.11458333333333333
1 0.8097222222222222 0.7666666666666667 0.08055555555555556 0.11041666666666666
3 0.35625 0.5145833333333333 0.07083333333333333 0.07291666666666667
3 0.5166666666666667 0.5572916666666666 0.044444444444444446 0.05416666666666667
3 0.7166666666666667 0.6489583333333333 0.08194444444444444 0.1
3 0.78125 0.6697916666666667 0.08333333333333333 0.1
1 0.15486111111111112 0.44895833333333335 0.14583333333333334 0.1125
3 0.28541666666666665 0.89375 0.09583333333333334 0.10833333333333334
3 0.2076388888888889 0.884375 0.06944444444444445 0.075
1 0.8861111111111111 0.8197916666666667 0.19722222222222222 0.36041666666666666
1 0.013888888888888888 0.7083333333333334 0.027777777777777776 0.25833333333333336