3 0.175 0.85 0.3472222222222222 0.275
3 0.5888888888888889 0.89375 0.4583333333333333 0.2125
1 0.8847222222222222 0.7510416666666667 0.23055555555555557 0.4979166666666667
3 0.10138888888888889 0.7645833333333333 0.09861111111111111 0.09583333333333334
3 0.625 0.7583333333333333 0.13333333333333333 0.20625
3 0.1673611111111111 0.6270833333333333 0.13055555555555556 0.34375
3 0.7111111111111111 0.9458333333333333 0.07222222222222222 0.10833333333333334
3 0.19652777777777777 0.8895833333333333 0.0625 0.12708333333333333
3 0.3486111111111111 0.42916666666666664 0.05 0.052083333333333336
3 0.12916666666666668 0.8708333333333333 0.0625 0.13333333333333333
3 0.7569444444444444 0.521875 0.15694444444444444 0.1125
3 0.3263888888888889 0.465625 0.6222222222222222 0.19375
1 0.15694444444444444 0.390625 0.1388888888888889 0.08125
3 0.4236111111111111 0.971875 0.09027777777777778 0.05416666666666667
1 0.8097222222222222 0.6104166666666667 0.06111111111111111 0.10416666666666667
3 0.5201388888888889 0.453125 0.04722222222222222 0.04375
3 0.5888888888888889 0.475 0.12916666666666668 0.06666666666666667