3 0.42083333333333334 0.328125 0.0763888888888889 0.23125
3 0.5361111111111111 0.35833333333333334 0.09166666666666666 0.35
3 0.6131944444444445 0.42916666666666664 0.09722222222222222 0.33541666666666664
3 0.6854166666666667 0.51875 0.09444444444444444 0.36875
3 0.7347222222222223 0.5989583333333334 0.06666666666666667 0.39791666666666664
3 0.7819444444444444 0.7041666666666667 0.09027777777777778 0.3020833333333333
3 0.8541666666666666 0.840625 0.10555555555555556 0.31875
3 0.15555555555555556 0.34375 0.15138888888888888 0.29375
3 0.30833333333333335 0.428125 0.2111111111111111 0.3020833333333333
3 0.34930555555555554 0.771875 0.6986111111111111 0.45625
1 0.8513888888888889 0.5739583333333333 0.2972222222222222 0.7854166666666667
1 0.10694444444444444 0.128125 0.2 0.25625