1 0.23125 0.596875 0.4625 0.75625
3 0.7569444444444444 0.865625 0.39166666666666666 0.26875
3 0.06041666666666667 0.8614583333333333 0.12083333333333333 0.12291666666666666
3 0.2534722222222222 0.9197916666666667 0.07222222222222222 0.07916666666666666
3 0.33958333333333335 0.49895833333333334 0.11666666666666667 0.075
3 0.48541666666666666 0.8677083333333333 0.1875 0.26458333333333334
1 0.8951388888888889 0.6385416666666667 0.17083333333333334 0.1125
3 0.13472222222222222 0.9052083333333333 0.04722222222222222 0.05416666666666667
3 0.5826388888888889 0.546875 0.034722222222222224 0.04375
3 0.22708333333333333 0.47291666666666665 0.05694444444444444 0.05625
3 0.8756944444444444 0.9854166666666667 0.0625 0.029166666666666667
3 0.5076388888888889 0.546875 0.0375 0.05416666666666667