3 0.14477777777777778 0.869375 0.1735833333333333 0.24114583333333334
3 0.8549861111111111 0.8818333333333332 0.24768055555555546 0.22650000000000006
1 0.06576388888888889 0.6752916666666666 0.13152777777777777 0.11983333333333329
3 0.43920833333333337 0.7822291666666668 0.20055555555555551 0.2169791666666666
1 0.9765694444444445 0.91175 0.04611111111111117 0.17647916666666674
3 0.058138888888888886 0.9265208333333333 0.0642638888888889 0.14658333333333337
3 0.7490277777777777 0.5859375 0.08679166666666668 0.07424999999999997
3 0.45458333333333334 0.5603125 0.06336111111111112 0.054749999999999945
3 0.7167916666666667 0.9399791666666667 0.08179166666666672 0.12004166666666667
3 0.193 0.5789791666666667 0.1829861111111111 0.08981250000000003
3 0.6601527777777778 0.5925208333333334 0.11877777777777783 0.08495833333333327
1 0.8637638888888889 0.5625 0.15686111111111117 0.07562499999999997