3 0.2569444444444444 0.8979166666666667 0.36944444444444446 0.20416666666666666
3 0.6645833333333333 0.834375 0.4708333333333333 0.33125
1 0.8875 0.571875 0.225 0.54375
3 0.1701388888888889 0.928125 0.10694444444444444 0.12083333333333333
3 0.6701388888888888 0.6927083333333334 0.15555555555555556 0.2375
3 0.20694444444444443 0.7677083333333333 0.16944444444444445 0.36875
3 0.7916666666666666 0.84375 0.08611111111111111 0.14166666666666666
3 0.28541666666666665 0.9666666666666667 0.0763888888888889 0.06666666666666667
3 0.3416666666666667 0.49895833333333334 0.05416666666666667 0.06458333333333334
3 0.21666666666666667 0.971875 0.07777777777777778 0.05625
3 0.75 0.4083333333333333 0.16527777777777777 0.15416666666666667
3 0.32708333333333334 0.5427083333333333 0.6236111111111111 0.36666666666666664
1 0.15069444444444444 0.5458333333333333 0.14444444444444443 0.11875
3 0.51875 0.9729166666666667 0.09305555555555556 0.05416666666666667
1 0.8173611111111111 0.46979166666666666 0.07222222222222222 0.11875
3 0.5097222222222222 0.446875 0.05138888888888889 0.05625
3 0.5798611111111112 0.43645833333333334 0.13333333333333333 0.1