3 0.5895833333333333 0.19583333333333333 0.09166666666666666 0.22916666666666666
3 0.47430555555555554 0.215625 0.12638888888888888 0.29791666666666666
3 0.40555555555555556 0.2875 0.10694444444444444 0.22916666666666666
3 0.32916666666666666 0.36875 0.14583333333333334 0.45416666666666666
3 0.2763888888888889 0.47291666666666665 0.16527777777777777 0.42083333333333334
3 0.22916666666666666 0.6645833333333333 0.19166666666666668 0.375
3 0.32083333333333336 0.8666666666666667 0.25277777777777777 0.26666666666666666
3 0.7743055555555556 0.3072916666666667 0.4513888888888889 0.5979166666666667
3 0.7048611111111112 0.6895833333333333 0.5902777777777778 0.6208333333333333
1 0.15347222222222223 0.4791666666666667 0.30694444444444446 0.7125
1 0.11041666666666666 0.190625 0.22083333333333333 0.22708333333333333
1 0.8666666666666667 0.058333333333333334 0.17222222222222222 0.11666666666666667