3 0.2027638888888889 0.3735416666666667 0.18737499999999996 0.3918541666666667
3 0.08331944444444446 0.3528541666666667 0.11475 0.2803333333333333
3 0.39087500000000003 0.5668958333333334 0.2519583333333333 0.4262708333333334
1 0.8105416666666667 0.16425 0.23620833333333324 0.27227083333333335
1 0.671875 0.16864583333333333 0.0369861111111111 0.13202083333333334
1 0.463625 0.1821875 0.028930555555555612 0.13706249999999998
1 0.7651388888888888 0.6276875000000001 0.4663055555555556 0.7199791666666667
1 0.5800833333333334 0.2605625 0.15820833333333328 0.10775000000000003
1 0.012722222222222222 0.29022916666666665 0.025083333333333326 0.1318333333333333
3 0.7368194444444445 0.038562500000000006 0.005999999999999912 0.035270833333333335
3 0.8823194444444444 0.3325208333333334 0.22436111111111107 0.17304166666666668
3 0.18836111111111112 0.16654166666666667 0.0631111111111111 0.0975
1 0.8032222222222223 0.06385416666666667 0.043027777777777804 0.028624999999999998
3 0.31543055555555555 0.2239375 0.10193055555555554 0.10170833333333335
1 0.26195833333333335 0.29004166666666664 0.047430555555555524 0.03235416666666661
1 0.5913055555555555 0.276125 0.012972222222222267 0.07493749999999996
2 0.4111388888888889 0.32410416666666664 0.009597222222222177 0.03408333333333336
2 0.3962361111111111 0.32445833333333335 0.07861111111111115 0.04989583333333331
3 0.015666666666666662 0.5342916666666666 0.03130555555555555 0.062437500000000055
2 0.3344722222222222 0.33527083333333335 0.014013888888888854 0.030562500000000034