3 0.81875 0.878125 0.3 0.24166666666666667
1 0.1909722222222222 0.8489583333333334 0.38055555555555554 0.29583333333333334
3 0.6166666666666667 0.9489583333333333 0.17222222222222222 0.10208333333333333
1 0.39166666666666666 0.8833333333333333 0.18055555555555555 0.12291666666666666
3 0.48333333333333334 0.7510416666666667 0.14444444444444443 0.30416666666666664
3 0.5034722222222222 0.8479166666666667 0.03194444444444444 0.13541666666666666
3 0.8756944444444444 0.5375 0.23333333333333334 0.07291666666666667
1 0.18472222222222223 0.55 0.1986111111111111 0.0625
3 0.9798611111111111 0.9145833333333333 0.03611111111111111 0.13541666666666666
3 0.2916666666666667 0.8489583333333334 0.0375 0.1125
3 0.6666666666666666 0.8791666666666667 0.10277777777777777 0.075
3 0.5993055555555555 0.5197916666666667 0.04027777777777778 0.041666666666666664