3 0.23819444444444443 0.54375 0.08194444444444444 0.08333333333333333
1 0.8291666666666667 0.5291666666666667 0.1388888888888889 0.075
3 0.4583333333333333 0.5197916666666667 0.041666666666666664 0.04375
1 0.0763888888888889 0.6395833333333333 0.1527777777777778 0.23333333333333334
3 0.7902777777777777 0.7489583333333333 0.40555555555555556 0.39375
3 0.40208333333333335 0.8125 0.375 0.35833333333333334
3 0.43333333333333335 0.63125 0.2263888888888889 0.1125
3 0.09583333333333334 0.8677083333333333 0.18194444444444444 0.25625
3 0.24791666666666667 0.6614583333333334 0.125 0.09583333333333334
3 0.6458333333333334 0.5572916666666666 0.14722222222222223 0.09791666666666667
3 0.16666666666666666 0.5489583333333333 0.09166666666666666 0.0875
3 0.14930555555555555 0.984375 0.09027777777777778 0.03125