3 0.3730416666666666 0.22722916666666665 0.06597222222222222 0.21368749999999997
3 0.4892638888888889 0.21295833333333333 0.09331944444444452 0.27539583333333334
3 0.5654305555555555 0.26439583333333333 0.08154166666666672 0.21056249999999999
3 0.6508888888888889 0.3220833333333334 0.09216666666666669 0.43487500000000007
3 0.7162222222222222 0.4094166666666667 0.11679166666666663 0.3936666666666666
3 0.7867777777777778 0.583875 0.15183333333333324 0.3372708333333333
3 0.7272777777777778 0.8515625 0.21969444444444453 0.296875
3 0.20344444444444443 0.39025 0.4018333333333333 0.49166666666666664
3 0.299875 0.7606458333333334 0.5896527777777778 0.4786875
1 0.8604166666666667 0.37395833333333334 0.2791666666666667 0.64375
1 0.8637916666666666 0.07979166666666666 0.24779166666666677 0.1595625
1 0.07569444444444444 0.10625 0.1486111111111111 0.2125