3 0.1486111111111111 0.8114583333333333 0.2972222222222222 0.3020833333333333
3 0.4527777777777778 0.8791666666666667 0.32222222222222224 0.24166666666666667
1 0.8805555555555555 0.7458333333333333 0.23472222222222222 0.43125
3 0.8243055555555555 0.93125 0.2902777777777778 0.1375
3 0.6625 0.9302083333333333 0.12222222222222222 0.13958333333333334
3 0.07708333333333334 0.7145833333333333 0.06527777777777778 0.09166666666666666
3 0.7319444444444444 0.5520833333333334 0.14583333333333334 0.15625
3 0.15694444444444444 0.559375 0.3138888888888889 0.35208333333333336
3 0.43680555555555556 0.8520833333333333 0.0375 0.11458333333333333
3 0.24930555555555556 0.875 0.05277777777777778 0.17708333333333334
1 0.16458333333333333 0.371875 0.14583333333333334 0.08541666666666667
3 0.49166666666666664 0.5979166666666667 0.3194444444444444 0.2791666666666667
3 0.14097222222222222 0.6895833333333333 0.03888888888888889 0.12083333333333333
3 0.11805555555555555 0.85625 0.043055555555555555 0.12083333333333333
3 0.027083333333333334 0.7125 0.05416666666666667 0.10416666666666667
3 0.32222222222222224 0.44375 0.15416666666666667 0.09375