3 0.91875 0.5208333333333334 0.1486111111111111 0.3125
3 0.7909722222222222 0.5208333333333334 0.2388888888888889 0.45416666666666666
1 0.20069444444444445 0.16145833333333334 0.2708333333333333 0.3229166666666667
3 0.5569444444444445 0.70625 0.3388888888888889 0.5875
1 0.22430555555555556 0.5947916666666667 0.4486111111111111 0.7604166666666666
3 0.3451388888888889 0.18645833333333334 0.059722222222222225 0.15
1 0.5486111111111112 0.265625 0.04722222222222222 0.16875
1 0.4305555555555556 0.26875 0.18333333333333332 0.22708333333333333
1 0.6416666666666667 0.35833333333333334 0.20555555555555555 0.22083333333333333
1 0.9930555555555556 0.484375 0.013888888888888888 0.10208333333333333
3 0.5083333333333333 0.35 0.04722222222222222 0.07708333333333334
2 0.5958333333333333 0.41041666666666665 0.03333333333333333 0.04791666666666667
1 0.22083333333333333 0.052083333333333336 0.05 0.0375
3 0.8354166666666667 0.30520833333333336 0.022222222222222223 0.08125
3 0.7805555555555556 0.6333333333333333 0.05138888888888889 0.1
2 0.7152777777777778 0.4510416666666667 0.03194444444444444 0.05
3 0.3590277777777778 0.7916666666666666 0.16111111111111112 0.21666666666666667
3 0.2902777777777778 0.04583333333333333 0.008333333333333333 0.03958333333333333
1 0.12638888888888888 0.30104166666666665 0.1625 0.16666666666666666
2 0.66875 0.43333333333333335 0.016666666666666666 0.03958333333333333
2 0.5659722222222222 0.39375 0.03611111111111111 0.03958333333333333
2 0.44722222222222224 0.7375 0.043055555555555555 0.07083333333333333