3 0.7836944444444445 0.890625 0.4065000000000001 0.2067291666666667
3 0.11011111111111112 0.9001458333333333 0.15002777777777776 0.18895833333333342
3 0.4621527777777778 0.734625 0.10993055555555552 0.10839583333333327
1 0.06074999999999999 0.6225625 0.12148611111111111 0.1724791666666666
3 0.35351388888888885 0.7990625 0.39893055555555557 0.3724375
1 0.9770555555555556 0.9103958333333334 0.04376388888888887 0.17395833333333333
1 0.8447222222222223 0.9733125 0.15125000000000013 0.05337500000000001
3 0.1812777777777778 0.5709166666666667 0.17101388888888888 0.09164583333333336
3 0.4435972222222222 0.5551666666666667 0.046388888888888855 0.04020833333333324
3 0.7089861111111111 0.9400208333333333 0.04876388888888883 0.11995833333333342
3 0.6191388888888889 0.6024166666666667 0.1528333333333333 0.0865624999999999
1 0.8193333333333332 0.5786041666666667 0.1478333333333334 0.07035416666666663