3 0.18640277777777778 0.8994166666666668 0.14929166666666668 0.19537499999999994
1 0.06820833333333333 0.6811458333333333 0.13641666666666666 0.22431249999999991
3 0.39111111111111113 0.8254374999999999 0.3864722222222222 0.32410416666666675
3 0.8149444444444445 0.9030833333333333 0.34961111111111115 0.18895833333333342
3 0.18895833333333334 0.5863125 0.1502638888888889 0.08847916666666672
3 0.7880833333333332 0.7104583333333333 0.4030694444444445 0.2404166666666666
3 0.4440972222222222 0.5592083333333334 0.043694444444444494 0.04077083333333344
3 0.6313472222222222 0.5958333333333333 0.14319444444444449 0.08995833333333322
1 0.9804722222222223 0.9089375000000001 0.03683333333333331 0.1788125000000001
1 0.8193333333333332 0.5687291666666667 0.13733333333333317 0.06958333333333329
3 0.6259722222222222 0.5646875 0.02315277777777772 0.03777083333333332
3 0.4638611111111111 0.594 0.14148611111111112 0.07689583333333326
3 0.7416944444444444 0.9706666666666667 0.0768472222222222 0.058645833333333286
3 0.7202083333333332 0.5848333333333334 0.038972222222222144 0.0453125