3 0.8149444444444445 0.9492291666666667 0.17248611111111117 0.0974999999999999
3 0.2785694444444444 0.84375 0.5043888888888889 0.30743749999999986
3 0.5913055555555555 0.9663541666666667 0.10070833333333332 0.06729166666666657
1 0.06851388888888889 0.6628333333333334 0.13702777777777778 0.2459166666666666
3 0.16919444444444443 0.5544375 0.18212499999999998 0.09214583333333337
3 0.6577083333333335 0.8796458333333333 0.15283333333333335 0.2109375
3 0.442875 0.5178125 0.04526388888888893 0.039000000000000055
3 0.9355416666666667 0.9348333333333334 0.11279166666666672 0.13033333333333322
3 0.8149444444444445 0.6613749999999999 0.3554722222222223 0.24316666666666673
3 0.5639583333333333 0.54675 0.2834444444444445 0.09283333333333339
3 0.7592777777777777 0.87525 0.016583333333333408 0.1306458333333334
1 0.8051805555555556 0.5093958333333333 0.14123611111111117 0.06350000000000004
3 0.36523611111111115 0.5244166666666666 0.12188888888888888 0.05749999999999999