3 0.32222222222222224 0.9 0.25555555555555554 0.2
3 0.7298611111111111 0.9020833333333333 0.48055555555555557 0.19583333333333333
3 0.10625 0.8364583333333333 0.20555555555555555 0.25833333333333336
1 0.91875 0.7020833333333333 0.1625 0.3625
3 0.8034722222222223 0.5458333333333333 0.14027777777777778 0.0875
3 0.14375 0.9604166666666667 0.09861111111111111 0.07916666666666666
1 0.20694444444444443 0.5229166666666667 0.1361111111111111 0.06458333333333334
3 0.8069444444444445 0.93125 0.07222222222222222 0.12291666666666666
3 0.27152777777777776 0.940625 0.0375 0.11875
3 0.22291666666666668 0.6364583333333333 0.42083333333333334 0.21041666666666667
1 0.052083333333333336 0.8177083333333334 0.1 0.28125