3 0.12986111111111112 0.9177083333333333 0.1388888888888889 0.11458333333333333
3 0.7340277777777777 0.8802083333333334 0.16805555555555557 0.23958333333333334
1 0.9180555555555555 0.6729166666666667 0.1625 0.26458333333333334
3 0.4909722222222222 0.803125 0.21944444444444444 0.36666666666666664
3 0.36319444444444443 0.9520833333333333 0.1125 0.08333333333333333
3 0.8013888888888889 0.5552083333333333 0.1625 0.09791666666666667
3 0.041666666666666664 0.8916666666666667 0.08333333333333333 0.12083333333333333
3 0.20694444444444443 0.70625 0.4097222222222222 0.4270833333333333
3 0.5444444444444444 0.5072916666666667 0.05138888888888889 0.04791666666666667
3 0.2152777777777778 0.80625 0.05 0.2375
1 0.17916666666666667 0.48125 0.14305555555555555 0.07916666666666666
3 0.7770833333333333 0.984375 0.09583333333333334 0.03125
3 0.34444444444444444 0.5229166666666667 0.1361111111111111 0.09583333333333334