3 0.17222222222222222 0.8947916666666667 0.18888888888888888 0.21041666666666667
3 0.8743055555555556 0.8239583333333333 0.2513888888888889 0.26458333333333334
1 0.08055555555555556 0.7427083333333333 0.1388888888888889 0.13958333333333334
3 0.45902777777777776 0.790625 0.21388888888888888 0.24791666666666667
1 0.9868055555555556 0.8333333333333334 0.02638888888888889 0.18333333333333332
3 0.08958333333333333 0.9572916666666667 0.07361111111111111 0.08541666666666667
3 0.7534722222222222 0.546875 0.09166666666666666 0.0875
3 0.45902777777777776 0.5666666666666667 0.06666666666666667 0.06458333333333334
3 0.7465277777777778 0.903125 0.09027777777777778 0.13125
3 0.2 0.6270833333333333 0.18888888888888888 0.11875
3 0.6659722222222222 0.5666666666666667 0.12361111111111112 0.10208333333333333
1 0.8659722222222223 0.5052083333333334 0.16111111111111112 0.1