3 0.6034722222222222 0.934375 0.16805555555555557 0.13125
3 0.38958333333333334 0.94375 0.13333333333333333 0.10625
1 0.8256944444444444 0.925 0.21805555555555556 0.15
3 0.1284722222222222 0.7979166666666667 0.2569444444444444 0.35
1 0.06597222222222222 0.5729166666666666 0.13194444444444445 0.1375
1 0.9618055555555556 0.8947916666666667 0.05416666666666667 0.21041666666666667
3 0.4534722222222222 0.653125 0.08611111111111111 0.0875
3 0.19791666666666666 0.5114583333333333 0.16666666666666666 0.09375
3 0.6951388888888889 0.8833333333333333 0.05138888888888889 0.14166666666666666
1 0.8569444444444444 0.5583333333333333 0.15833333333333333 0.08333333333333333
3 0.6534722222222222 0.565625 0.11666666666666667 0.08125
3 0.4263888888888889 0.5177083333333333 0.1125 0.058333333333333334
3 0.34444444444444444 0.590625 0.1736111111111111 0.11875
3 0.1701388888888889 0.6041666666666666 0.11805555555555555 0.11458333333333333