1 0.07031944444444445 0.6232916666666667 0.13391666666666666 0.17579166666666665
3 0.13 0.8964791666666667 0.15283333333333335 0.19408333333333327
3 0.40551388888888895 0.8115208333333332 0.28906944444444443 0.3396666666666666
3 0.8725555555555555 0.8759791666666668 0.22777777777777777 0.22539583333333343
3 0.7451388888888889 0.9770833333333333 0.04583333333333333 0.04583333333333333
3 0.45263888888888887 0.5288125 0.051263888888888845 0.0456666666666667
3 0.6118194444444445 0.958 0.3374027777777779 0.08024999999999996
3 0.6298888888888888 0.5390625 0.09637499999999997 0.06327083333333335
3 0.16479166666666667 0.547125 0.07720833333333332 0.0678958333333334
3 0.2384027777777778 0.551875 0.0685416666666667 0.07575000000000003
1 0.8325138888888889 0.5350416666666666 0.16527777777777777 0.06802083333333328