1 0.8326388888888889 0.8229166666666666 0.2902777777777778 0.3541666666666667
3 0.4409722222222222 0.915625 0.15694444444444444 0.16875
3 0.19166666666666668 0.765625 0.38333333333333336 0.3770833333333333
3 0.7444444444444445 0.675 0.09027777777777778 0.10833333333333334
1 0.09444444444444444 0.48541666666666666 0.18055555555555555 0.1375
1 0.7680555555555556 0.7947916666666667 0.08888888888888889 0.14583333333333334
3 0.26458333333333334 0.5364583333333334 0.06111111111111111 0.07916666666666666
3 0.6729166666666667 0.659375 0.08333333333333333 0.1125
3 0.45694444444444443 0.5708333333333333 0.043055555555555555 0.05625
3 0.33055555555555555 0.5770833333333333 0.39861111111111114 0.2625
3 0.3729166666666667 0.571875 0.04583333333333333 0.05416666666666667
3 0.5347222222222222 0.609375 0.0375 0.0625