3 0.20416666666666666 0.8666666666666667 0.4083333333333333 0.2375
3 0.8756944444444444 0.9145833333333333 0.15694444444444444 0.17083333333333334
3 0.5298611111111111 0.7375 0.11388888888888889 0.11666666666666667
1 0.9340277777777778 0.6572916666666667 0.12777777777777777 0.18125
3 0.6361111111111111 0.8041666666666667 0.4111111111111111 0.39166666666666666
1 0.016666666666666666 0.871875 0.03333333333333333 0.17708333333333334
1 0.1388888888888889 0.9458333333333333 0.1527777777777778 0.06458333333333334
3 0.8159722222222222 0.5958333333333333 0.1736111111111111 0.10416666666666667
3 0.5541666666666667 0.559375 0.04722222222222222 0.04375
3 0.27569444444444446 0.9229166666666667 0.05277777777777778 0.12291666666666666
3 0.37777777777777777 0.5927083333333333 0.15555555555555556 0.09791666666666667
1 0.17847222222222223 0.553125 0.15 0.08125